,cluster,most_frequent,most_enriched,purity_frequent,purity_enriched,N,Nd,Datetime,Experiment,CPUs,Chain_selection,Model_selection,Deduplicate,Downsample,Repeats,N_olga,Min_clustsize,Paired,tcrdist_Method,tcrdist_Radius,tcrdist_Hyper,tcrdist_Subset,Save,Dataset,Chain,N_total,Model,Runtime,N_clusters
0,15.0,IVTDFSVIK,IVTDFSVIK,0.3483670295489891,0.3483670295489891,643,1,20230719_125628,CPUs,4,['beta'],"['length', 'clustcr', 'hamming', 'GIANA', 'gliph2', 'ismart', 'tcrdist3']",True,500,1,0,500,True,DBSCAN,50,0.5,True,,VDJdb,beta,2500,length,0.0019350051879882812,12
1,13.0,GILGFVFTL,GILGFVFTL,0.5094339622641509,0.5094339622641509,636,1,20230719_125628,CPUs,4,['beta'],"['length', 'clustcr', 'hamming', 'GIANA', 'gliph2', 'ismart', 'tcrdist3']",True,500,1,0,500,True,DBSCAN,50,0.5,True,,VDJdb,beta,2500,length,0.0019350051879882812,12
2,14.0,RAKFKQLL,RAKFKQLL,0.26963906581740976,0.26963906581740976,471,1,20230719_125628,CPUs,4,['beta'],"['length', 'clustcr', 'hamming', 'GIANA', 'gliph2', 'ismart', 'tcrdist3']",True,500,1,0,500,True,DBSCAN,50,0.5,True,,VDJdb,beta,2500,length,0.0019350051879882812,12
3,16.0,AVFDRKSDAK,AVFDRKSDAK,0.29069767441860467,0.29069767441860467,258,1,20230719_125628,CPUs,4,['beta'],"['length', 'clustcr', 'hamming', 'GIANA', 'gliph2', 'ismart', 'tcrdist3']",True,500,1,0,500,True,DBSCAN,50,0.5,True,,VDJdb,beta,2500,length,0.0019350051879882812,12
4,17.0,KLGGALQAK,KLGGALQAK,0.2485207100591716,0.2485207100591716,169,1,20230719_125628,CPUs,4,['beta'],"['length', 'clustcr', 'hamming', 'GIANA', 'gliph2', 'ismart', 'tcrdist3']",True,500,1,0,500,True,DBSCAN,50,0.5,True,,VDJdb,beta,2500,length,0.0019350051879882812,12
5,12.0,GILGFVFTL,GILGFVFTL,0.2893081761006289,0.2893081761006289,159,1,20230719_125628,CPUs,4,['beta'],"['length', 'clustcr', 'hamming', 'GIANA', 'gliph2', 'ismart', 'tcrdist3']",True,500,1,0,500,True,DBSCAN,50,0.5,True,,VDJdb,beta,2500,length,0.0019350051879882812,12
6,18.0,KLGGALQAK,KLGGALQAK,0.3148148148148148,0.3148148148148148,54,1,20230719_125628,CPUs,4,['beta'],"['length', 'clustcr', 'hamming', 'GIANA', 'gliph2', 'ismart', 'tcrdist3']",True,500,1,0,500,True,DBSCAN,50,0.5,True,,VDJdb,beta,2500,length,0.0019350051879882812,12
7,11.0,KLGGALQAK,KLGGALQAK,0.3333333333333333,0.3333333333333333,54,1,20230719_125628,CPUs,4,['beta'],"['length', 'clustcr', 'hamming', 'GIANA', 'gliph2', 'ismart', 'tcrdist3']",True,500,1,0,500,True,DBSCAN,50,0.5,True,,VDJdb,beta,2500,length,0.0019350051879882812,12
8,19.0,KLGGALQAK,KLGGALQAK,0.25,0.25,24,1,20230719_125628,CPUs,4,['beta'],"['length', 'clustcr', 'hamming', 'GIANA', 'gliph2', 'ismart', 'tcrdist3']",True,500,1,0,500,True,DBSCAN,50,0.5,True,,VDJdb,beta,2500,length,0.0019350051879882812,12
9,20.0,IVTDFSVIK,IVTDFSVIK,0.3333333333333333,0.3333333333333333,15,1,20230719_125628,CPUs,4,['beta'],"['length', 'clustcr', 'hamming', 'GIANA', 'gliph2', 'ismart', 'tcrdist3']",True,500,1,0,500,True,DBSCAN,50,0.5,True,,VDJdb,beta,2500,length,0.0019350051879882812,12
10,10.0,IVTDFSVIK,IVTDFSVIK,0.35714285714285715,0.35714285714285715,14,1,20230719_125628,CPUs,4,['beta'],"['length', 'clustcr', 'hamming', 'GIANA', 'gliph2', 'ismart', 'tcrdist3']",True,500,1,0,500,True,DBSCAN,50,0.5,True,,VDJdb,beta,2500,length,0.0019350051879882812,12
11,22.0,AVFDRKSDAK,AVFDRKSDAK,0.5,0.5,2,1,20230719_125628,CPUs,4,['beta'],"['length', 'clustcr', 'hamming', 'GIANA', 'gliph2', 'ismart', 'tcrdist3']",True,500,1,0,500,True,DBSCAN,50,0.5,True,,VDJdb,beta,2500,length,0.0019350051879882812,12
0,3.0,AVFDRKSDAK,AVFDRKSDAK,0.24,0.24,500,0,20230719_125628,CPUs,4,['beta'],"['length', 'clustcr', 'hamming', 'GIANA', 'gliph2', 'ismart', 'tcrdist3']",True,500,1,0,500,True,DBSCAN,50,0.5,True,,VDJdb,beta,2500,random,0.0013353824615478516,5
1,4.0,KLGGALQAK,KLGGALQAK,0.236,0.236,500,0,20230719_125628,CPUs,4,['beta'],"['length', 'clustcr', 'hamming', 'GIANA', 'gliph2', 'ismart', 'tcrdist3']",True,500,1,0,500,True,DBSCAN,50,0.5,True,,VDJdb,beta,2500,random,0.0013353824615478516,5
2,0.0,KLGGALQAK,KLGGALQAK,0.218,0.218,500,0,20230719_125628,CPUs,4,['beta'],"['length', 'clustcr', 'hamming', 'GIANA', 'gliph2', 'ismart', 'tcrdist3']",True,500,1,0,500,True,DBSCAN,50,0.5,True,,VDJdb,beta,2500,random,0.0013353824615478516,5
3,1.0,AVFDRKSDAK,AVFDRKSDAK,0.22,0.22,500,0,20230719_125628,CPUs,4,['beta'],"['length', 'clustcr', 'hamming', 'GIANA', 'gliph2', 'ismart', 'tcrdist3']",True,500,1,0,500,True,DBSCAN,50,0.5,True,,VDJdb,beta,2500,random,0.0013353824615478516,5
4,2.0,IVTDFSVIK,IVTDFSVIK,0.21,0.21,500,0,20230719_125628,CPUs,4,['beta'],"['length', 'clustcr', 'hamming', 'GIANA', 'gliph2', 'ismart', 'tcrdist3']",True,500,1,0,500,True,DBSCAN,50,0.5,True,,VDJdb,beta,2500,random,0.0013353824615478516,5
0,145.0,RAKFKQLL,RAKFKQLL,0.8548387096774194,0.8548387096774194,62,87,20230719_125628,CPUs,4,['beta'],"['length', 'clustcr', 'hamming', 'GIANA', 'gliph2', 'ismart', 'tcrdist3']",True,500,1,0,500,True,DBSCAN,50,0.5,True,,VDJdb,beta,2500,clustcr,0.69287109375,92
1,27.0,GILGFVFTL,GILGFVFTL,0.9074074074074074,0.9074074074074074,54,87,20230719_125628,CPUs,4,['beta'],"['length', 'clustcr', 'hamming', 'GIANA', 'gliph2', 'ismart', 'tcrdist3']",True,500,1,0,500,True,DBSCAN,50,0.5,True,,VDJdb,beta,2500,clustcr,0.69287109375,92
2,131.0,GILGFVFTL,GILGFVFTL,1.0,1.0,15,87,20230719_125628,CPUs,4,['beta'],"['length', 'clustcr', 'hamming', 'GIANA', 'gliph2', 'ismart', 'tcrdist3']",True,500,1,0,500,True,DBSCAN,50,0.5,True,,VDJdb,beta,2500,clustcr,0.69287109375,92
3,73.0,GILGFVFTL,GILGFVFTL,1.0,1.0,13,87,20230719_125628,CPUs,4,['beta'],"['length', 'clustcr', 'hamming', 'GIANA', 'gliph2', 'ismart', 'tcrdist3']",True,500,1,0,500,True,DBSCAN,50,0.5,True,,VDJdb,beta,2500,clustcr,0.69287109375,92
4,14.0,GILGFVFTL,GILGFVFTL,1.0,1.0,13,87,20230719_125628,CPUs,4,['beta'],"['length', 'clustcr', 'hamming', 'GIANA', 'gliph2', 'ismart', 'tcrdist3']",True,500,1,0,500,True,DBSCAN,50,0.5,True,,VDJdb,beta,2500,clustcr,0.69287109375,92
5,150.0,RAKFKQLL,RAKFKQLL,1.0,1.0,10,87,20230719_125628,CPUs,4,['beta'],"['length', 'clustcr', 'hamming', 'GIANA', 'gliph2', 'ismart', 'tcrdist3']",True,500,1,0,500,True,DBSCAN,50,0.5,True,,VDJdb,beta,2500,clustcr,0.69287109375,92
6,62.0,GILGFVFTL,GILGFVFTL,1.0,1.0,8,87,20230719_125628,CPUs,4,['beta'],"['length', 'clustcr', 'hamming', 'GIANA', 'gliph2', 'ismart', 'tcrdist3']",True,500,1,0,500,True,DBSCAN,50,0.5,True,,VDJdb,beta,2500,clustcr,0.69287109375,92
7,32.0,GILGFVFTL,GILGFVFTL,1.0,1.0,8,87,20230719_125628,CPUs,4,['beta'],"['length', 'clustcr', 'hamming', 'GIANA', 'gliph2', 'ismart', 'tcrdist3']",True,500,1,0,500,True,DBSCAN,50,0.5,True,,VDJdb,beta,2500,clustcr,0.69287109375,92
8,28.0,GILGFVFTL,GILGFVFTL,1.0,1.0,8,87,20230719_125628,CPUs,4,['beta'],"['length', 'clustcr', 'hamming', 'GIANA', 'gliph2', 'ismart', 'tcrdist3']",True,500,1,0,500,True,DBSCAN,50,0.5,True,,VDJdb,beta,2500,clustcr,0.69287109375,92
9,105.0,GILGFVFTL,GILGFVFTL,1.0,1.0,7,87,20230719_125628,CPUs,4,['beta'],"['length', 'clustcr', 'hamming', 'GIANA', 'gliph2', 'ismart', 'tcrdist3']",True,500,1,0,500,True,DBSCAN,50,0.5,True,,VDJdb,beta,2500,clustcr,0.69287109375,92
10,92.0,GILGFVFTL,GILGFVFTL,1.0,1.0,7,87,20230719_125628,CPUs,4,['beta'],"['length', 'clustcr', 'hamming', 'GIANA', 'gliph2', 'ismart', 'tcrdist3']",True,500,1,0,500,True,DBSCAN,50,0.5,True,,VDJdb,beta,2500,clustcr,0.69287109375,92
11,69.0,GILGFVFTL,RAKFKQLL,0.5714285714285714,0.42857142857142855,7,87,20230719_125628,CPUs,4,['beta'],"['length', 'clustcr', 'hamming', 'GIANA', 'gliph2', 'ismart', 'tcrdist3']",True,500,1,0,500,True,DBSCAN,50,0.5,True,,VDJdb,beta,2500,clustcr,0.69287109375,92
12,48.0,GILGFVFTL,GILGFVFTL,1.0,1.0,6,87,20230719_125628,CPUs,4,['beta'],"['length', 'clustcr', 'hamming', 'GIANA', 'gliph2', 'ismart', 'tcrdist3']",True,500,1,0,500,True,DBSCAN,50,0.5,True,,VDJdb,beta,2500,clustcr,0.69287109375,92
13,34.0,GILGFVFTL,KLGGALQAK,0.8333333333333334,0.16666666666666666,6,87,20230719_125628,CPUs,4,['beta'],"['length', 'clustcr', 'hamming', 'GIANA', 'gliph2', 'ismart', 'tcrdist3']",True,500,1,0,500,True,DBSCAN,50,0.5,True,,VDJdb,beta,2500,clustcr,0.69287109375,92
14,78.0,GILGFVFTL,GILGFVFTL,1.0,1.0,6,87,20230719_125628,CPUs,4,['beta'],"['length', 'clustcr', 'hamming', 'GIANA', 'gliph2', 'ismart', 'tcrdist3']",True,500,1,0,500,True,DBSCAN,50,0.5,True,,VDJdb,beta,2500,clustcr,0.69287109375,92
15,154.0,RAKFKQLL,IVTDFSVIK,0.6666666666666666,0.16666666666666666,6,87,20230719_125628,CPUs,4,['beta'],"['length', 'clustcr', 'hamming', 'GIANA', 'gliph2', 'ismart', 'tcrdist3']",True,500,1,0,500,True,DBSCAN,50,0.5,True,,VDJdb,beta,2500,clustcr,0.69287109375,92
16,31.0,GILGFVFTL,GILGFVFTL,1.0,1.0,6,87,20230719_125628,CPUs,4,['beta'],"['length', 'clustcr', 'hamming', 'GIANA', 'gliph2', 'ismart', 'tcrdist3']",True,500,1,0,500,True,DBSCAN,50,0.5,True,,VDJdb,beta,2500,clustcr,0.69287109375,92
17,123.0,GILGFVFTL,GILGFVFTL,1.0,1.0,5,87,20230719_125628,CPUs,4,['beta'],"['length', 'clustcr', 'hamming', 'GIANA', 'gliph2', 'ismart', 'tcrdist3']",True,500,1,0,500,True,DBSCAN,50,0.5,True,,VDJdb,beta,2500,clustcr,0.69287109375,92
18,76.0,GILGFVFTL,AVFDRKSDAK,0.8,0.2,5,87,20230719_125628,CPUs,4,['beta'],"['length', 'clustcr', 'hamming', 'GIANA', 'gliph2', 'ismart', 'tcrdist3']",True,500,1,0,500,True,DBSCAN,50,0.5,True,,VDJdb,beta,2500,clustcr,0.69287109375,92
19,30.0,GILGFVFTL,GILGFVFTL,1.0,1.0,5,87,20230719_125628,CPUs,4,['beta'],"['length', 'clustcr', 'hamming', 'GIANA', 'gliph2', 'ismart', 'tcrdist3']",True,500,1,0,500,True,DBSCAN,50,0.5,True,,VDJdb,beta,2500,clustcr,0.69287109375,92
20,82.0,GILGFVFTL,GILGFVFTL,1.0,1.0,5,87,20230719_125628,CPUs,4,['beta'],"['length', 'clustcr', 'hamming', 'GIANA', 'gliph2', 'ismart', 'tcrdist3']",True,500,1,0,500,True,DBSCAN,50,0.5,True,,VDJdb,beta,2500,clustcr,0.69287109375,92
21,84.0,GILGFVFTL,GILGFVFTL,1.0,1.0,5,87,20230719_125628,CPUs,4,['beta'],"['length', 'clustcr', 'hamming', 'GIANA', 'gliph2', 'ismart', 'tcrdist3']",True,500,1,0,500,True,DBSCAN,50,0.5,True,,VDJdb,beta,2500,clustcr,0.69287109375,92
22,89.0,GILGFVFTL,GILGFVFTL,1.0,1.0,4,87,20230719_125628,CPUs,4,['beta'],"['length', 'clustcr', 'hamming', 'GIANA', 'gliph2', 'ismart', 'tcrdist3']",True,500,1,0,500,True,DBSCAN,50,0.5,True,,VDJdb,beta,2500,clustcr,0.69287109375,92
23,136.0,RAKFKQLL,KLGGALQAK,0.75,0.25,4,87,20230719_125628,CPUs,4,['beta'],"['length', 'clustcr', 'hamming', 'GIANA', 'gliph2', 'ismart', 'tcrdist3']",True,500,1,0,500,True,DBSCAN,50,0.5,True,,VDJdb,beta,2500,clustcr,0.69287109375,92
24,99.0,GILGFVFTL,IVTDFSVIK,0.75,0.25,4,87,20230719_125628,CPUs,4,['beta'],"['length', 'clustcr', 'hamming', 'GIANA', 'gliph2', 'ismart', 'tcrdist3']",True,500,1,0,500,True,DBSCAN,50,0.5,True,,VDJdb,beta,2500,clustcr,0.69287109375,92
25,85.0,GILGFVFTL,RAKFKQLL,0.5,0.5,4,87,20230719_125628,CPUs,4,['beta'],"['length', 'clustcr', 'hamming', 'GIANA', 'gliph2', 'ismart', 'tcrdist3']",True,500,1,0,500,True,DBSCAN,50,0.5,True,,VDJdb,beta,2500,clustcr,0.69287109375,92
26,121.0,RAKFKQLL,RAKFKQLL,1.0,1.0,4,87,20230719_125628,CPUs,4,['beta'],"['length', 'clustcr', 'hamming', 'GIANA', 'gliph2', 'ismart', 'tcrdist3']",True,500,1,0,500,True,DBSCAN,50,0.5,True,,VDJdb,beta,2500,clustcr,0.69287109375,92
27,122.0,RAKFKQLL,KLGGALQAK,0.5,0.25,4,87,20230719_125628,CPUs,4,['beta'],"['length', 'clustcr', 'hamming', 'GIANA', 'gliph2', 'ismart', 'tcrdist3']",True,500,1,0,500,True,DBSCAN,50,0.5,True,,VDJdb,beta,2500,clustcr,0.69287109375,92
28,103.0,GILGFVFTL,GILGFVFTL,1.0,1.0,4,87,20230719_125628,CPUs,4,['beta'],"['length', 'clustcr', 'hamming', 'GIANA', 'gliph2', 'ismart', 'tcrdist3']",True,500,1,0,500,True,DBSCAN,50,0.5,True,,VDJdb,beta,2500,clustcr,0.69287109375,92
29,130.0,RAKFKQLL,RAKFKQLL,1.0,1.0,4,87,20230719_125628,CPUs,4,['beta'],"['length', 'clustcr', 'hamming', 'GIANA', 'gliph2', 'ismart', 'tcrdist3']",True,500,1,0,500,True,DBSCAN,50,0.5,True,,VDJdb,beta,2500,clustcr,0.69287109375,92
30,111.0,GILGFVFTL,GILGFVFTL,1.0,1.0,4,87,20230719_125628,CPUs,4,['beta'],"['length', 'clustcr', 'hamming', 'GIANA', 'gliph2', 'ismart', 'tcrdist3']",True,500,1,0,500,True,DBSCAN,50,0.5,True,,VDJdb,beta,2500,clustcr,0.69287109375,92
31,151.0,GILGFVFTL,IVTDFSVIK,0.75,0.25,4,87,20230719_125628,CPUs,4,['beta'],"['length', 'clustcr', 'hamming', 'GIANA', 'gliph2', 'ismart', 'tcrdist3']",True,500,1,0,500,True,DBSCAN,50,0.5,True,,VDJdb,beta,2500,clustcr,0.69287109375,92
32,20.0,GILGFVFTL,GILGFVFTL,1.0,1.0,4,87,20230719_125628,CPUs,4,['beta'],"['length', 'clustcr', 'hamming', 'GIANA', 'gliph2', 'ismart', 'tcrdist3']",True,500,1,0,500,True,DBSCAN,50,0.5,True,,VDJdb,beta,2500,clustcr,0.69287109375,92
33,58.0,GILGFVFTL,GILGFVFTL,1.0,1.0,3,87,20230719_125628,CPUs,4,['beta'],"['length', 'clustcr', 'hamming', 'GIANA', 'gliph2', 'ismart', 'tcrdist3']",True,500,1,0,500,True,DBSCAN,50,0.5,True,,VDJdb,beta,2500,clustcr,0.69287109375,92
34,4.0,GILGFVFTL,GILGFVFTL,1.0,1.0,3,87,20230719_125628,CPUs,4,['beta'],"['length', 'clustcr', 'hamming', 'GIANA', 'gliph2', 'ismart', 'tcrdist3']",True,500,1,0,500,True,DBSCAN,50,0.5,True,,VDJdb,beta,2500,clustcr,0.69287109375,92
35,161.0,AVFDRKSDAK,KLGGALQAK,0.3333333333333333,0.3333333333333333,3,87,20230719_125628,CPUs,4,['beta'],"['length', 'clustcr', 'hamming', 'GIANA', 'gliph2', 'ismart', 'tcrdist3']",True,500,1,0,500,True,DBSCAN,50,0.5,True,,VDJdb,beta,2500,clustcr,0.69287109375,92
36,126.0,AVFDRKSDAK,KLGGALQAK,0.3333333333333333,0.3333333333333333,3,87,20230719_125628,CPUs,4,['beta'],"['length', 'clustcr', 'hamming', 'GIANA', 'gliph2', 'ismart', 'tcrdist3']",True,500,1,0,500,True,DBSCAN,50,0.5,True,,VDJdb,beta,2500,clustcr,0.69287109375,92
37,167.0,AVFDRKSDAK,IVTDFSVIK,0.3333333333333333,0.3333333333333333,3,87,20230719_125628,CPUs,4,['beta'],"['length', 'clustcr', 'hamming', 'GIANA', 'gliph2', 'ismart', 'tcrdist3']",True,500,1,0,500,True,DBSCAN,50,0.5,True,,VDJdb,beta,2500,clustcr,0.69287109375,92
38,68.0,GILGFVFTL,AVFDRKSDAK,0.6666666666666666,0.3333333333333333,3,87,20230719_125628,CPUs,4,['beta'],"['length', 'clustcr', 'hamming', 'GIANA', 'gliph2', 'ismart', 'tcrdist3']",True,500,1,0,500,True,DBSCAN,50,0.5,True,,VDJdb,beta,2500,clustcr,0.69287109375,92
39,98.0,GILGFVFTL,GILGFVFTL,1.0,1.0,3,87,20230719_125628,CPUs,4,['beta'],"['length', 'clustcr', 'hamming', 'GIANA', 'gliph2', 'ismart', 'tcrdist3']",True,500,1,0,500,True,DBSCAN,50,0.5,True,,VDJdb,beta,2500,clustcr,0.69287109375,92
40,109.0,RAKFKQLL,RAKFKQLL,0.6666666666666666,0.6666666666666666,3,87,20230719_125628,CPUs,4,['beta'],"['length', 'clustcr', 'hamming', 'GIANA', 'gliph2', 'ismart', 'tcrdist3']",True,500,1,0,500,True,DBSCAN,50,0.5,True,,VDJdb,beta,2500,clustcr,0.69287109375,92
41,132.0,GILGFVFTL,GILGFVFTL,1.0,1.0,3,87,20230719_125628,CPUs,4,['beta'],"['length', 'clustcr', 'hamming', 'GIANA', 'gliph2', 'ismart', 'tcrdist3']",True,500,1,0,500,True,DBSCAN,50,0.5,True,,VDJdb,beta,2500,clustcr,0.69287109375,92
42,67.0,GILGFVFTL,GILGFVFTL,1.0,1.0,3,87,20230719_125628,CPUs,4,['beta'],"['length', 'clustcr', 'hamming', 'GIANA', 'gliph2', 'ismart', 'tcrdist3']",True,500,1,0,500,True,DBSCAN,50,0.5,True,,VDJdb,beta,2500,clustcr,0.69287109375,92
43,57.0,GILGFVFTL,GILGFVFTL,1.0,1.0,3,87,20230719_125628,CPUs,4,['beta'],"['length', 'clustcr', 'hamming', 'GIANA', 'gliph2', 'ismart', 'tcrdist3']",True,500,1,0,500,True,DBSCAN,50,0.5,True,,VDJdb,beta,2500,clustcr,0.69287109375,92
44,33.0,GILGFVFTL,GILGFVFTL,1.0,1.0,3,87,20230719_125628,CPUs,4,['beta'],"['length', 'clustcr', 'hamming', 'GIANA', 'gliph2', 'ismart', 'tcrdist3']",True,500,1,0,500,True,DBSCAN,50,0.5,True,,VDJdb,beta,2500,clustcr,0.69287109375,92
45,114.0,GILGFVFTL,GILGFVFTL,1.0,1.0,3,87,20230719_125628,CPUs,4,['beta'],"['length', 'clustcr', 'hamming', 'GIANA', 'gliph2', 'ismart', 'tcrdist3']",True,500,1,0,500,True,DBSCAN,50,0.5,True,,VDJdb,beta,2500,clustcr,0.69287109375,92
46,104.0,GILGFVFTL,GILGFVFTL,1.0,1.0,3,87,20230719_125628,CPUs,4,['beta'],"['length', 'clustcr', 'hamming', 'GIANA', 'gliph2', 'ismart', 'tcrdist3']",True,500,1,0,500,True,DBSCAN,50,0.5,True,,VDJdb,beta,2500,clustcr,0.69287109375,92
47,55.0,GILGFVFTL,GILGFVFTL,1.0,1.0,3,87,20230719_125628,CPUs,4,['beta'],"['length', 'clustcr', 'hamming', 'GIANA', 'gliph2', 'ismart', 'tcrdist3']",True,500,1,0,500,True,DBSCAN,50,0.5,True,,VDJdb,beta,2500,clustcr,0.69287109375,92
48,3.0,GILGFVFTL,GILGFVFTL,1.0,1.0,3,87,20230719_125628,CPUs,4,['beta'],"['length', 'clustcr', 'hamming', 'GIANA', 'gliph2', 'ismart', 'tcrdist3']",True,500,1,0,500,True,DBSCAN,50,0.5,True,,VDJdb,beta,2500,clustcr,0.69287109375,92
49,158.0,GILGFVFTL,GILGFVFTL,1.0,1.0,2,87,20230719_125628,CPUs,4,['beta'],"['length', 'clustcr', 'hamming', 'GIANA', 'gliph2', 'ismart', 'tcrdist3']",True,500,1,0,500,True,DBSCAN,50,0.5,True,,VDJdb,beta,2500,clustcr,0.69287109375,92
50,169.0,IVTDFSVIK,KLGGALQAK,0.5,0.5,2,87,20230719_125628,CPUs,4,['beta'],"['length', 'clustcr', 'hamming', 'GIANA', 'gliph2', 'ismart', 'tcrdist3']",True,500,1,0,500,True,DBSCAN,50,0.5,True,,VDJdb,beta,2500,clustcr,0.69287109375,92
51,17.0,AVFDRKSDAK,IVTDFSVIK,0.5,0.5,2,87,20230719_125628,CPUs,4,['beta'],"['length', 'clustcr', 'hamming', 'GIANA', 'gliph2', 'ismart', 'tcrdist3']",True,500,1,0,500,True,DBSCAN,50,0.5,True,,VDJdb,beta,2500,clustcr,0.69287109375,92
52,152.0,AVFDRKSDAK,IVTDFSVIK,0.5,0.5,2,87,20230719_125628,CPUs,4,['beta'],"['length', 'clustcr', 'hamming', 'GIANA', 'gliph2', 'ismart', 'tcrdist3']",True,500,1,0,500,True,DBSCAN,50,0.5,True,,VDJdb,beta,2500,clustcr,0.69287109375,92
53,140.0,AVFDRKSDAK,AVFDRKSDAK,0.5,0.5,2,87,20230719_125628,CPUs,4,['beta'],"['length', 'clustcr', 'hamming', 'GIANA', 'gliph2', 'ismart', 'tcrdist3']",True,500,1,0,500,True,DBSCAN,50,0.5,True,,VDJdb,beta,2500,clustcr,0.69287109375,92
54,163.0,AVFDRKSDAK,AVFDRKSDAK,0.5,0.5,2,87,20230719_125628,CPUs,4,['beta'],"['length', 'clustcr', 'hamming', 'GIANA', 'gliph2', 'ismart', 'tcrdist3']",True,500,1,0,500,True,DBSCAN,50,0.5,True,,VDJdb,beta,2500,clustcr,0.69287109375,92
55,119.0,GILGFVFTL,GILGFVFTL,1.0,1.0,2,87,20230719_125628,CPUs,4,['beta'],"['length', 'clustcr', 'hamming', 'GIANA', 'gliph2', 'ismart', 'tcrdist3']",True,500,1,0,500,True,DBSCAN,50,0.5,True,,VDJdb,beta,2500,clustcr,0.69287109375,92
56,139.0,IVTDFSVIK,IVTDFSVIK,0.5,0.5,2,87,20230719_125628,CPUs,4,['beta'],"['length', 'clustcr', 'hamming', 'GIANA', 'gliph2', 'ismart', 'tcrdist3']",True,500,1,0,500,True,DBSCAN,50,0.5,True,,VDJdb,beta,2500,clustcr,0.69287109375,92
57,146.0,IVTDFSVIK,KLGGALQAK,0.5,0.5,2,87,20230719_125628,CPUs,4,['beta'],"['length', 'clustcr', 'hamming', 'GIANA', 'gliph2', 'ismart', 'tcrdist3']",True,500,1,0,500,True,DBSCAN,50,0.5,True,,VDJdb,beta,2500,clustcr,0.69287109375,92
58,172.0,IVTDFSVIK,KLGGALQAK,0.5,0.5,2,87,20230719_125628,CPUs,4,['beta'],"['length', 'clustcr', 'hamming', 'GIANA', 'gliph2', 'ismart', 'tcrdist3']",True,500,1,0,500,True,DBSCAN,50,0.5,True,,VDJdb,beta,2500,clustcr,0.69287109375,92
59,16.0,AVFDRKSDAK,KLGGALQAK,0.5,0.5,2,87,20230719_125628,CPUs,4,['beta'],"['length', 'clustcr', 'hamming', 'GIANA', 'gliph2', 'ismart', 'tcrdist3']",True,500,1,0,500,True,DBSCAN,50,0.5,True,,VDJdb,beta,2500,clustcr,0.69287109375,92
60,162.0,IVTDFSVIK,IVTDFSVIK,0.5,0.5,2,87,20230719_125628,CPUs,4,['beta'],"['length', 'clustcr', 'hamming', 'GIANA', 'gliph2', 'ismart', 'tcrdist3']",True,500,1,0,500,True,DBSCAN,50,0.5,True,,VDJdb,beta,2500,clustcr,0.69287109375,92
61,171.0,KLGGALQAK,KLGGALQAK,1.0,1.0,2,87,20230719_125628,CPUs,4,['beta'],"['length', 'clustcr', 'hamming', 'GIANA', 'gliph2', 'ismart', 'tcrdist3']",True,500,1,0,500,True,DBSCAN,50,0.5,True,,VDJdb,beta,2500,clustcr,0.69287109375,92
62,117.0,KLGGALQAK,KLGGALQAK,1.0,1.0,2,87,20230719_125628,CPUs,4,['beta'],"['length', 'clustcr', 'hamming', 'GIANA', 'gliph2', 'ismart', 'tcrdist3']",True,500,1,0,500,True,DBSCAN,50,0.5,True,,VDJdb,beta,2500,clustcr,0.69287109375,92
63,149.0,KLGGALQAK,KLGGALQAK,0.5,0.5,2,87,20230719_125628,CPUs,4,['beta'],"['length', 'clustcr', 'hamming', 'GIANA', 'gliph2', 'ismart', 'tcrdist3']",True,500,1,0,500,True,DBSCAN,50,0.5,True,,VDJdb,beta,2500,clustcr,0.69287109375,92
64,159.0,KLGGALQAK,KLGGALQAK,0.5,0.5,2,87,20230719_125628,CPUs,4,['beta'],"['length', 'clustcr', 'hamming', 'GIANA', 'gliph2', 'ismart', 'tcrdist3']",True,500,1,0,500,True,DBSCAN,50,0.5,True,,VDJdb,beta,2500,clustcr,0.69287109375,92
65,96.0,GILGFVFTL,GILGFVFTL,1.0,1.0,2,87,20230719_125628,CPUs,4,['beta'],"['length', 'clustcr', 'hamming', 'GIANA', 'gliph2', 'ismart', 'tcrdist3']",True,500,1,0,500,True,DBSCAN,50,0.5,True,,VDJdb,beta,2500,clustcr,0.69287109375,92
66,143.0,GILGFVFTL,GILGFVFTL,1.0,1.0,2,87,20230719_125628,CPUs,4,['beta'],"['length', 'clustcr', 'hamming', 'GIANA', 'gliph2', 'ismart', 'tcrdist3']",True,500,1,0,500,True,DBSCAN,50,0.5,True,,VDJdb,beta,2500,clustcr,0.69287109375,92
67,141.0,RAKFKQLL,RAKFKQLL,1.0,1.0,2,87,20230719_125628,CPUs,4,['beta'],"['length', 'clustcr', 'hamming', 'GIANA', 'gliph2', 'ismart', 'tcrdist3']",True,500,1,0,500,True,DBSCAN,50,0.5,True,,VDJdb,beta,2500,clustcr,0.69287109375,92
68,120.0,AVFDRKSDAK,IVTDFSVIK,0.5,0.5,2,87,20230719_125628,CPUs,4,['beta'],"['length', 'clustcr', 'hamming', 'GIANA', 'gliph2', 'ismart', 'tcrdist3']",True,500,1,0,500,True,DBSCAN,50,0.5,True,,VDJdb,beta,2500,clustcr,0.69287109375,92
69,168.0,AVFDRKSDAK,IVTDFSVIK,0.5,0.5,2,87,20230719_125628,CPUs,4,['beta'],"['length', 'clustcr', 'hamming', 'GIANA', 'gliph2', 'ismart', 'tcrdist3']",True,500,1,0,500,True,DBSCAN,50,0.5,True,,VDJdb,beta,2500,clustcr,0.69287109375,92
70,160.0,AVFDRKSDAK,IVTDFSVIK,0.5,0.5,2,87,20230719_125628,CPUs,4,['beta'],"['length', 'clustcr', 'hamming', 'GIANA', 'gliph2', 'ismart', 'tcrdist3']",True,500,1,0,500,True,DBSCAN,50,0.5,True,,VDJdb,beta,2500,clustcr,0.69287109375,92
71,170.0,GILGFVFTL,GILGFVFTL,1.0,1.0,2,87,20230719_125628,CPUs,4,['beta'],"['length', 'clustcr', 'hamming', 'GIANA', 'gliph2', 'ismart', 'tcrdist3']",True,500,1,0,500,True,DBSCAN,50,0.5,True,,VDJdb,beta,2500,clustcr,0.69287109375,92
72,75.0,GILGFVFTL,GILGFVFTL,1.0,1.0,2,87,20230719_125628,CPUs,4,['beta'],"['length', 'clustcr', 'hamming', 'GIANA', 'gliph2', 'ismart', 'tcrdist3']",True,500,1,0,500,True,DBSCAN,50,0.5,True,,VDJdb,beta,2500,clustcr,0.69287109375,92
73,66.0,GILGFVFTL,GILGFVFTL,1.0,1.0,2,87,20230719_125628,CPUs,4,['beta'],"['length', 'clustcr', 'hamming', 'GIANA', 'gliph2', 'ismart', 'tcrdist3']",True,500,1,0,500,True,DBSCAN,50,0.5,True,,VDJdb,beta,2500,clustcr,0.69287109375,92
74,71.0,GILGFVFTL,AVFDRKSDAK,0.5,0.5,2,87,20230719_125628,CPUs,4,['beta'],"['length', 'clustcr', 'hamming', 'GIANA', 'gliph2', 'ismart', 'tcrdist3']",True,500,1,0,500,True,DBSCAN,50,0.5,True,,VDJdb,beta,2500,clustcr,0.69287109375,92
75,144.0,GILGFVFTL,GILGFVFTL,1.0,1.0,2,87,20230719_125628,CPUs,4,['beta'],"['length', 'clustcr', 'hamming', 'GIANA', 'gliph2', 'ismart', 'tcrdist3']",True,500,1,0,500,True,DBSCAN,50,0.5,True,,VDJdb,beta,2500,clustcr,0.69287109375,92
76,165.0,GILGFVFTL,GILGFVFTL,1.0,1.0,2,87,20230719_125628,CPUs,4,['beta'],"['length', 'clustcr', 'hamming', 'GIANA', 'gliph2', 'ismart', 'tcrdist3']",True,500,1,0,500,True,DBSCAN,50,0.5,True,,VDJdb,beta,2500,clustcr,0.69287109375,92
77,51.0,GILGFVFTL,GILGFVFTL,1.0,1.0,2,87,20230719_125628,CPUs,4,['beta'],"['length', 'clustcr', 'hamming', 'GIANA', 'gliph2', 'ismart', 'tcrdist3']",True,500,1,0,500,True,DBSCAN,50,0.5,True,,VDJdb,beta,2500,clustcr,0.69287109375,92
78,142.0,GILGFVFTL,GILGFVFTL,1.0,1.0,2,87,20230719_125628,CPUs,4,['beta'],"['length', 'clustcr', 'hamming', 'GIANA', 'gliph2', 'ismart', 'tcrdist3']",True,500,1,0,500,True,DBSCAN,50,0.5,True,,VDJdb,beta,2500,clustcr,0.69287109375,92
79,93.0,GILGFVFTL,GILGFVFTL,1.0,1.0,2,87,20230719_125628,CPUs,4,['beta'],"['length', 'clustcr', 'hamming', 'GIANA', 'gliph2', 'ismart', 'tcrdist3']",True,500,1,0,500,True,DBSCAN,50,0.5,True,,VDJdb,beta,2500,clustcr,0.69287109375,92
80,108.0,GILGFVFTL,GILGFVFTL,1.0,1.0,2,87,20230719_125628,CPUs,4,['beta'],"['length', 'clustcr', 'hamming', 'GIANA', 'gliph2', 'ismart', 'tcrdist3']",True,500,1,0,500,True,DBSCAN,50,0.5,True,,VDJdb,beta,2500,clustcr,0.69287109375,92
81,43.0,GILGFVFTL,GILGFVFTL,1.0,1.0,2,87,20230719_125628,CPUs,4,['beta'],"['length', 'clustcr', 'hamming', 'GIANA', 'gliph2', 'ismart', 'tcrdist3']",True,500,1,0,500,True,DBSCAN,50,0.5,True,,VDJdb,beta,2500,clustcr,0.69287109375,92
82,42.0,GILGFVFTL,GILGFVFTL,1.0,1.0,2,87,20230719_125628,CPUs,4,['beta'],"['length', 'clustcr', 'hamming', 'GIANA', 'gliph2', 'ismart', 'tcrdist3']",True,500,1,0,500,True,DBSCAN,50,0.5,True,,VDJdb,beta,2500,clustcr,0.69287109375,92
83,100.0,GILGFVFTL,GILGFVFTL,1.0,1.0,2,87,20230719_125628,CPUs,4,['beta'],"['length', 'clustcr', 'hamming', 'GIANA', 'gliph2', 'ismart', 'tcrdist3']",True,500,1,0,500,True,DBSCAN,50,0.5,True,,VDJdb,beta,2500,clustcr,0.69287109375,92
84,110.0,GILGFVFTL,GILGFVFTL,1.0,1.0,2,87,20230719_125628,CPUs,4,['beta'],"['length', 'clustcr', 'hamming', 'GIANA', 'gliph2', 'ismart', 'tcrdist3']",True,500,1,0,500,True,DBSCAN,50,0.5,True,,VDJdb,beta,2500,clustcr,0.69287109375,92
85,138.0,GILGFVFTL,GILGFVFTL,1.0,1.0,2,87,20230719_125628,CPUs,4,['beta'],"['length', 'clustcr', 'hamming', 'GIANA', 'gliph2', 'ismart', 'tcrdist3']",True,500,1,0,500,True,DBSCAN,50,0.5,True,,VDJdb,beta,2500,clustcr,0.69287109375,92
86,164.0,AVFDRKSDAK,IVTDFSVIK,0.5,0.5,2,87,20230719_125628,CPUs,4,['beta'],"['length', 'clustcr', 'hamming', 'GIANA', 'gliph2', 'ismart', 'tcrdist3']",True,500,1,0,500,True,DBSCAN,50,0.5,True,,VDJdb,beta,2500,clustcr,0.69287109375,92
87,153.0,GILGFVFTL,RAKFKQLL,0.5,0.5,2,87,20230719_125628,CPUs,4,['beta'],"['length', 'clustcr', 'hamming', 'GIANA', 'gliph2', 'ismart', 'tcrdist3']",True,500,1,0,500,True,DBSCAN,50,0.5,True,,VDJdb,beta,2500,clustcr,0.69287109375,92
88,166.0,AVFDRKSDAK,AVFDRKSDAK,1.0,1.0,2,87,20230719_125628,CPUs,4,['beta'],"['length', 'clustcr', 'hamming', 'GIANA', 'gliph2', 'ismart', 'tcrdist3']",True,500,1,0,500,True,DBSCAN,50,0.5,True,,VDJdb,beta,2500,clustcr,0.69287109375,92
89,101.0,AVFDRKSDAK,AVFDRKSDAK,1.0,1.0,2,87,20230719_125628,CPUs,4,['beta'],"['length', 'clustcr', 'hamming', 'GIANA', 'gliph2', 'ismart', 'tcrdist3']",True,500,1,0,500,True,DBSCAN,50,0.5,True,,VDJdb,beta,2500,clustcr,0.69287109375,92
90,70.0,AVFDRKSDAK,AVFDRKSDAK,0.5,0.5,2,87,20230719_125628,CPUs,4,['beta'],"['length', 'clustcr', 'hamming', 'GIANA', 'gliph2', 'ismart', 'tcrdist3']",True,500,1,0,500,True,DBSCAN,50,0.5,True,,VDJdb,beta,2500,clustcr,0.69287109375,92
91,135.0,GILGFVFTL,GILGFVFTL,1.0,1.0,2,87,20230719_125628,CPUs,4,['beta'],"['length', 'clustcr', 'hamming', 'GIANA', 'gliph2', 'ismart', 'tcrdist3']",True,500,1,0,500,True,DBSCAN,50,0.5,True,,VDJdb,beta,2500,clustcr,0.69287109375,92
0,0.0,AVFDRKSDAK,AVFDRKSDAK,0.206,0.206,500,0,20230719_125628,CPUs,4,['beta'],"['length', 'clustcr', 'hamming', 'GIANA', 'gliph2', 'ismart', 'tcrdist3']",True,500,1,0,500,True,DBSCAN,50,0.5,True,,VDJdb,beta,2500,random,0.0014133453369140625,5
1,1.0,KLGGALQAK,KLGGALQAK,0.226,0.226,500,0,20230719_125628,CPUs,4,['beta'],"['length', 'clustcr', 'hamming', 'GIANA', 'gliph2', 'ismart', 'tcrdist3']",True,500,1,0,500,True,DBSCAN,50,0.5,True,,VDJdb,beta,2500,random,0.0014133453369140625,5
2,4.0,GILGFVFTL,GILGFVFTL,0.206,0.206,500,0,20230719_125628,CPUs,4,['beta'],"['length', 'clustcr', 'hamming', 'GIANA', 'gliph2', 'ismart', 'tcrdist3']",True,500,1,0,500,True,DBSCAN,50,0.5,True,,VDJdb,beta,2500,random,0.0014133453369140625,5
3,2.0,IVTDFSVIK,IVTDFSVIK,0.22,0.22,500,0,20230719_125628,CPUs,4,['beta'],"['length', 'clustcr', 'hamming', 'GIANA', 'gliph2', 'ismart', 'tcrdist3']",True,500,1,0,500,True,DBSCAN,50,0.5,True,,VDJdb,beta,2500,random,0.0014133453369140625,5
4,3.0,AVFDRKSDAK,AVFDRKSDAK,0.216,0.216,500,0,20230719_125628,CPUs,4,['beta'],"['length', 'clustcr', 'hamming', 'GIANA', 'gliph2', 'ismart', 'tcrdist3']",True,500,1,0,500,True,DBSCAN,50,0.5,True,,VDJdb,beta,2500,random,0.0014133453369140625,5
0,479.0,IVTDFSVIK,IVTDFSVIK,0.9652173913043478,0.9652173913043478,115,177,20230719_125628,CPUs,4,['beta'],"['length', 'clustcr', 'hamming', 'GIANA', 'gliph2', 'ismart', 'tcrdist3']",True,500,1,0,500,True,DBSCAN,50,0.5,True,,VDJdb,beta,2500,hamming,0.0037932395935058594,188
1,2.0,GILGFVFTL,GILGFVFTL,0.9295774647887324,0.9295774647887324,71,177,20230719_125628,CPUs,4,['beta'],"['length', 'clustcr', 'hamming', 'GIANA', 'gliph2', 'ismart', 'tcrdist3']",True,500,1,0,500,True,DBSCAN,50,0.5,True,,VDJdb,beta,2500,hamming,0.0037932395935058594,188
2,8.0,RAKFKQLL,RAKFKQLL,0.8548387096774194,0.8548387096774194,62,177,20230719_125628,CPUs,4,['beta'],"['length', 'clustcr', 'hamming', 'GIANA', 'gliph2', 'ismart', 'tcrdist3']",True,500,1,0,500,True,DBSCAN,50,0.5,True,,VDJdb,beta,2500,hamming,0.0037932395935058594,188
3,3.0,GILGFVFTL,GILGFVFTL,0.9166666666666666,0.9166666666666666,48,177,20230719_125628,CPUs,4,['beta'],"['length', 'clustcr', 'hamming', 'GIANA', 'gliph2', 'ismart', 'tcrdist3']",True,500,1,0,500,True,DBSCAN,50,0.5,True,,VDJdb,beta,2500,hamming,0.0037932395935058594,188
4,5.0,RAKFKQLL,RAKFKQLL,0.7560975609756098,0.7560975609756098,41,177,20230719_125628,CPUs,4,['beta'],"['length', 'clustcr', 'hamming', 'GIANA', 'gliph2', 'ismart', 'tcrdist3']",True,500,1,0,500,True,DBSCAN,50,0.5,True,,VDJdb,beta,2500,hamming,0.0037932395935058594,188
5,45.0,GILGFVFTL,GILGFVFTL,1.0,1.0,31,177,20230719_125628,CPUs,4,['beta'],"['length', 'clustcr', 'hamming', 'GIANA', 'gliph2', 'ismart', 'tcrdist3']",True,500,1,0,500,True,DBSCAN,50,0.5,True,,VDJdb,beta,2500,hamming,0.0037932395935058594,188
6,98.0,GILGFVFTL,GILGFVFTL,1.0,1.0,30,177,20230719_125628,CPUs,4,['beta'],"['length', 'clustcr', 'hamming', 'GIANA', 'gliph2', 'ismart', 'tcrdist3']",True,500,1,0,500,True,DBSCAN,50,0.5,True,,VDJdb,beta,2500,hamming,0.0037932395935058594,188
7,1417.0,IVTDFSVIK,IVTDFSVIK,1.0,1.0,25,177,20230719_125628,CPUs,4,['beta'],"['length', 'clustcr', 'hamming', 'GIANA', 'gliph2', 'ismart', 'tcrdist3']",True,500,1,0,500,True,DBSCAN,50,0.5,True,,VDJdb,beta,2500,hamming,0.0037932395935058594,188
8,19.0,GILGFVFTL,GILGFVFTL,0.9473684210526315,0.9473684210526315,19,177,20230719_125628,CPUs,4,['beta'],"['length', 'clustcr', 'hamming', 'GIANA', 'gliph2', 'ismart', 'tcrdist3']",True,500,1,0,500,True,DBSCAN,50,0.5,True,,VDJdb,beta,2500,hamming,0.0037932395935058594,188
9,1.0,GILGFVFTL,GILGFVFTL,0.8461538461538461,0.8461538461538461,13,177,20230719_125628,CPUs,4,['beta'],"['length', 'clustcr', 'hamming', 'GIANA', 'gliph2', 'ismart', 'tcrdist3']",True,500,1,0,500,True,DBSCAN,50,0.5,True,,VDJdb,beta,2500,hamming,0.0037932395935058594,188
10,2958.0,RAKFKQLL,RAKFKQLL,1.0,1.0,11,177,20230719_125628,CPUs,4,['beta'],"['length', 'clustcr', 'hamming', 'GIANA', 'gliph2', 'ismart', 'tcrdist3']",True,500,1,0,500,True,DBSCAN,50,0.5,True,,VDJdb,beta,2500,hamming,0.0037932395935058594,188
11,40.0,GILGFVFTL,GILGFVFTL,1.0,1.0,10,177,20230719_125628,CPUs,4,['beta'],"['length', 'clustcr', 'hamming', 'GIANA', 'gliph2', 'ismart', 'tcrdist3']",True,500,1,0,500,True,DBSCAN,50,0.5,True,,VDJdb,beta,2500,hamming,0.0037932395935058594,188
12,414.0,AVFDRKSDAK,AVFDRKSDAK,0.8,0.8,10,177,20230719_125628,CPUs,4,['beta'],"['length', 'clustcr', 'hamming', 'GIANA', 'gliph2', 'ismart', 'tcrdist3']",True,500,1,0,500,True,DBSCAN,50,0.5,True,,VDJdb,beta,2500,hamming,0.0037932395935058594,188
13,1601.0,RAKFKQLL,RAKFKQLL,0.8888888888888888,0.8888888888888888,9,177,20230719_125628,CPUs,4,['beta'],"['length', 'clustcr', 'hamming', 'GIANA', 'gliph2', 'ismart', 'tcrdist3']",True,500,1,0,500,True,DBSCAN,50,0.5,True,,VDJdb,beta,2500,hamming,0.0037932395935058594,188
14,295.0,RAKFKQLL,RAKFKQLL,0.8888888888888888,0.8888888888888888,9,177,20230719_125628,CPUs,4,['beta'],"['length', 'clustcr', 'hamming', 'GIANA', 'gliph2', 'ismart', 'tcrdist3']",True,500,1,0,500,True,DBSCAN,50,0.5,True,,VDJdb,beta,2500,hamming,0.0037932395935058594,188
15,78.0,GILGFVFTL,GILGFVFTL,1.0,1.0,9,177,20230719_125628,CPUs,4,['beta'],"['length', 'clustcr', 'hamming', 'GIANA', 'gliph2', 'ismart', 'tcrdist3']",True,500,1,0,500,True,DBSCAN,50,0.5,True,,VDJdb,beta,2500,hamming,0.0037932395935058594,188
16,922.0,RAKFKQLL,KLGGALQAK,0.375,0.25,8,177,20230719_125628,CPUs,4,['beta'],"['length', 'clustcr', 'hamming', 'GIANA', 'gliph2', 'ismart', 'tcrdist3']",True,500,1,0,500,True,DBSCAN,50,0.5,True,,VDJdb,beta,2500,hamming,0.0037932395935058594,188
17,131.0,AVFDRKSDAK,AVFDRKSDAK,0.625,0.625,8,177,20230719_125628,CPUs,4,['beta'],"['length', 'clustcr', 'hamming', 'GIANA', 'gliph2', 'ismart', 'tcrdist3']",True,500,1,0,500,True,DBSCAN,50,0.5,True,,VDJdb,beta,2500,hamming,0.0037932395935058594,188
18,311.0,RAKFKQLL,RAKFKQLL,0.875,0.875,8,177,20230719_125628,CPUs,4,['beta'],"['length', 'clustcr', 'hamming', 'GIANA', 'gliph2', 'ismart', 'tcrdist3']",True,500,1,0,500,True,DBSCAN,50,0.5,True,,VDJdb,beta,2500,hamming,0.0037932395935058594,188
19,1223.0,IVTDFSVIK,IVTDFSVIK,0.875,0.875,8,177,20230719_125628,CPUs,4,['beta'],"['length', 'clustcr', 'hamming', 'GIANA', 'gliph2', 'ismart', 'tcrdist3']",True,500,1,0,500,True,DBSCAN,50,0.5,True,,VDJdb,beta,2500,hamming,0.0037932395935058594,188
20,57.0,GILGFVFTL,GILGFVFTL,1.0,1.0,8,177,20230719_125628,CPUs,4,['beta'],"['length', 'clustcr', 'hamming', 'GIANA', 'gliph2', 'ismart', 'tcrdist3']",True,500,1,0,500,True,DBSCAN,50,0.5,True,,VDJdb,beta,2500,hamming,0.0037932395935058594,188
21,64.0,GILGFVFTL,GILGFVFTL,1.0,1.0,8,177,20230719_125628,CPUs,4,['beta'],"['length', 'clustcr', 'hamming', 'GIANA', 'gliph2', 'ismart', 'tcrdist3']",True,500,1,0,500,True,DBSCAN,50,0.5,True,,VDJdb,beta,2500,hamming,0.0037932395935058594,188
22,17.0,GILGFVFTL,GILGFVFTL,0.8571428571428571,0.8571428571428571,7,177,20230719_125628,CPUs,4,['beta'],"['length', 'clustcr', 'hamming', 'GIANA', 'gliph2', 'ismart', 'tcrdist3']",True,500,1,0,500,True,DBSCAN,50,0.5,True,,VDJdb,beta,2500,hamming,0.0037932395935058594,188
23,61.0,RAKFKQLL,RAKFKQLL,0.8333333333333334,0.8333333333333334,6,177,20230719_125628,CPUs,4,['beta'],"['length', 'clustcr', 'hamming', 'GIANA', 'gliph2', 'ismart', 'tcrdist3']",True,500,1,0,500,True,DBSCAN,50,0.5,True,,VDJdb,beta,2500,hamming,0.0037932395935058594,188
24,460.0,KLGGALQAK,KLGGALQAK,0.5,0.5,6,177,20230719_125628,CPUs,4,['beta'],"['length', 'clustcr', 'hamming', 'GIANA', 'gliph2', 'ismart', 'tcrdist3']",True,500,1,0,500,True,DBSCAN,50,0.5,True,,VDJdb,beta,2500,hamming,0.0037932395935058594,188
25,683.0,AVFDRKSDAK,AVFDRKSDAK,0.5,0.5,6,177,20230719_125628,CPUs,4,['beta'],"['length', 'clustcr', 'hamming', 'GIANA', 'gliph2', 'ismart', 'tcrdist3']",True,500,1,0,500,True,DBSCAN,50,0.5,True,,VDJdb,beta,2500,hamming,0.0037932395935058594,188
26,2720.0,RAKFKQLL,RAKFKQLL,0.8333333333333334,0.8333333333333334,6,177,20230719_125628,CPUs,4,['beta'],"['length', 'clustcr', 'hamming', 'GIANA', 'gliph2', 'ismart', 'tcrdist3']",True,500,1,0,500,True,DBSCAN,50,0.5,True,,VDJdb,beta,2500,hamming,0.0037932395935058594,188
27,1985.0,RAKFKQLL,RAKFKQLL,0.8333333333333334,0.8333333333333334,6,177,20230719_125628,CPUs,4,['beta'],"['length', 'clustcr', 'hamming', 'GIANA', 'gliph2', 'ismart', 'tcrdist3']",True,500,1,0,500,True,DBSCAN,50,0.5,True,,VDJdb,beta,2500,hamming,0.0037932395935058594,188
28,1915.0,IVTDFSVIK,KLGGALQAK,0.3333333333333333,0.3333333333333333,6,177,20230719_125628,CPUs,4,['beta'],"['length', 'clustcr', 'hamming', 'GIANA', 'gliph2', 'ismart', 'tcrdist3']",True,500,1,0,500,True,DBSCAN,50,0.5,True,,VDJdb,beta,2500,hamming,0.0037932395935058594,188
29,201.0,RAKFKQLL,RAKFKQLL,0.5,0.5,6,177,20230719_125628,CPUs,4,['beta'],"['length', 'clustcr', 'hamming', 'GIANA', 'gliph2', 'ismart', 'tcrdist3']",True,500,1,0,500,True,DBSCAN,50,0.5,True,,VDJdb,beta,2500,hamming,0.0037932395935058594,188
30,1878.0,RAKFKQLL,RAKFKQLL,0.8,0.8,5,177,20230719_125628,CPUs,4,['beta'],"['length', 'clustcr', 'hamming', 'GIANA', 'gliph2', 'ismart', 'tcrdist3']",True,500,1,0,500,True,DBSCAN,50,0.5,True,,VDJdb,beta,2500,hamming,0.0037932395935058594,188
31,257.0,RAKFKQLL,KLGGALQAK,0.6,0.2,5,177,20230719_125628,CPUs,4,['beta'],"['length', 'clustcr', 'hamming', 'GIANA', 'gliph2', 'ismart', 'tcrdist3']",True,500,1,0,500,True,DBSCAN,50,0.5,True,,VDJdb,beta,2500,hamming,0.0037932395935058594,188
32,627.0,KLGGALQAK,KLGGALQAK,0.8,0.8,5,177,20230719_125628,CPUs,4,['beta'],"['length', 'clustcr', 'hamming', 'GIANA', 'gliph2', 'ismart', 'tcrdist3']",True,500,1,0,500,True,DBSCAN,50,0.5,True,,VDJdb,beta,2500,hamming,0.0037932395935058594,188
33,3063.0,RAKFKQLL,RAKFKQLL,1.0,1.0,5,177,20230719_125628,CPUs,4,['beta'],"['length', 'clustcr', 'hamming', 'GIANA', 'gliph2', 'ismart', 'tcrdist3']",True,500,1,0,500,True,DBSCAN,50,0.5,True,,VDJdb,beta,2500,hamming,0.0037932395935058594,188
34,1539.0,RAKFKQLL,KLGGALQAK,0.8,0.2,5,177,20230719_125628,CPUs,4,['beta'],"['length', 'clustcr', 'hamming', 'GIANA', 'gliph2', 'ismart', 'tcrdist3']",True,500,1,0,500,True,DBSCAN,50,0.5,True,,VDJdb,beta,2500,hamming,0.0037932395935058594,188
35,117.0,RAKFKQLL,RAKFKQLL,0.6,0.6,5,177,20230719_125628,CPUs,4,['beta'],"['length', 'clustcr', 'hamming', 'GIANA', 'gliph2', 'ismart', 'tcrdist3']",True,500,1,0,500,True,DBSCAN,50,0.5,True,,VDJdb,beta,2500,hamming,0.0037932395935058594,188
36,821.0,IVTDFSVIK,KLGGALQAK,0.4,0.4,5,177,20230719_125628,CPUs,4,['beta'],"['length', 'clustcr', 'hamming', 'GIANA', 'gliph2', 'ismart', 'tcrdist3']",True,500,1,0,500,True,DBSCAN,50,0.5,True,,VDJdb,beta,2500,hamming,0.0037932395935058594,188
37,489.0,RAKFKQLL,RAKFKQLL,0.75,0.75,4,177,20230719_125628,CPUs,4,['beta'],"['length', 'clustcr', 'hamming', 'GIANA', 'gliph2', 'ismart', 'tcrdist3']",True,500,1,0,500,True,DBSCAN,50,0.5,True,,VDJdb,beta,2500,hamming,0.0037932395935058594,188
38,71.0,GILGFVFTL,RAKFKQLL,0.5,0.5,4,177,20230719_125628,CPUs,4,['beta'],"['length', 'clustcr', 'hamming', 'GIANA', 'gliph2', 'ismart', 'tcrdist3']",True,500,1,0,500,True,DBSCAN,50,0.5,True,,VDJdb,beta,2500,hamming,0.0037932395935058594,188
39,82.0,GILGFVFTL,GILGFVFTL,1.0,1.0,4,177,20230719_125628,CPUs,4,['beta'],"['length', 'clustcr', 'hamming', 'GIANA', 'gliph2', 'ismart', 'tcrdist3']",True,500,1,0,500,True,DBSCAN,50,0.5,True,,VDJdb,beta,2500,hamming,0.0037932395935058594,188
40,881.0,AVFDRKSDAK,AVFDRKSDAK,0.75,0.75,4,177,20230719_125628,CPUs,4,['beta'],"['length', 'clustcr', 'hamming', 'GIANA', 'gliph2', 'ismart', 'tcrdist3']",True,500,1,0,500,True,DBSCAN,50,0.5,True,,VDJdb,beta,2500,hamming,0.0037932395935058594,188
41,743.0,AVFDRKSDAK,AVFDRKSDAK,0.5,0.5,4,177,20230719_125628,CPUs,4,['beta'],"['length', 'clustcr', 'hamming', 'GIANA', 'gliph2', 'ismart', 'tcrdist3']",True,500,1,0,500,True,DBSCAN,50,0.5,True,,VDJdb,beta,2500,hamming,0.0037932395935058594,188
42,659.0,RAKFKQLL,AVFDRKSDAK,0.5,0.25,4,177,20230719_125628,CPUs,4,['beta'],"['length', 'clustcr', 'hamming', 'GIANA', 'gliph2', 'ismart', 'tcrdist3']",True,500,1,0,500,True,DBSCAN,50,0.5,True,,VDJdb,beta,2500,hamming,0.0037932395935058594,188
43,606.0,AVFDRKSDAK,AVFDRKSDAK,0.5,0.5,4,177,20230719_125628,CPUs,4,['beta'],"['length', 'clustcr', 'hamming', 'GIANA', 'gliph2', 'ismart', 'tcrdist3']",True,500,1,0,500,True,DBSCAN,50,0.5,True,,VDJdb,beta,2500,hamming,0.0037932395935058594,188
44,73.0,GILGFVFTL,GILGFVFTL,1.0,1.0,4,177,20230719_125628,CPUs,4,['beta'],"['length', 'clustcr', 'hamming', 'GIANA', 'gliph2', 'ismart', 'tcrdist3']",True,500,1,0,500,True,DBSCAN,50,0.5,True,,VDJdb,beta,2500,hamming,0.0037932395935058594,188
45,488.0,AVFDRKSDAK,KLGGALQAK,0.5,0.5,4,177,20230719_125628,CPUs,4,['beta'],"['length', 'clustcr', 'hamming', 'GIANA', 'gliph2', 'ismart', 'tcrdist3']",True,500,1,0,500,True,DBSCAN,50,0.5,True,,VDJdb,beta,2500,hamming,0.0037932395935058594,188
46,1827.0,RAKFKQLL,RAKFKQLL,0.75,0.75,4,177,20230719_125628,CPUs,4,['beta'],"['length', 'clustcr', 'hamming', 'GIANA', 'gliph2', 'ismart', 'tcrdist3']",True,500,1,0,500,True,DBSCAN,50,0.5,True,,VDJdb,beta,2500,hamming,0.0037932395935058594,188
47,1179.0,RAKFKQLL,KLGGALQAK,0.5,0.25,4,177,20230719_125628,CPUs,4,['beta'],"['length', 'clustcr', 'hamming', 'GIANA', 'gliph2', 'ismart', 'tcrdist3']",True,500,1,0,500,True,DBSCAN,50,0.5,True,,VDJdb,beta,2500,hamming,0.0037932395935058594,188
48,47.0,GILGFVFTL,GILGFVFTL,1.0,1.0,4,177,20230719_125628,CPUs,4,['beta'],"['length', 'clustcr', 'hamming', 'GIANA', 'gliph2', 'ismart', 'tcrdist3']",True,500,1,0,500,True,DBSCAN,50,0.5,True,,VDJdb,beta,2500,hamming,0.0037932395935058594,188
49,3098.0,RAKFKQLL,RAKFKQLL,1.0,1.0,4,177,20230719_125628,CPUs,4,['beta'],"['length', 'clustcr', 'hamming', 'GIANA', 'gliph2', 'ismart', 'tcrdist3']",True,500,1,0,500,True,DBSCAN,50,0.5,True,,VDJdb,beta,2500,hamming,0.0037932395935058594,188
50,12.0,GILGFVFTL,GILGFVFTL,1.0,1.0,4,177,20230719_125628,CPUs,4,['beta'],"['length', 'clustcr', 'hamming', 'GIANA', 'gliph2', 'ismart', 'tcrdist3']",True,500,1,0,500,True,DBSCAN,50,0.5,True,,VDJdb,beta,2500,hamming,0.0037932395935058594,188
51,113.0,RAKFKQLL,RAKFKQLL,0.75,0.75,4,177,20230719_125628,CPUs,4,['beta'],"['length', 'clustcr', 'hamming', 'GIANA', 'gliph2', 'ismart', 'tcrdist3']",True,500,1,0,500,True,DBSCAN,50,0.5,True,,VDJdb,beta,2500,hamming,0.0037932395935058594,188
52,76.0,GILGFVFTL,GILGFVFTL,1.0,1.0,4,177,20230719_125628,CPUs,4,['beta'],"['length', 'clustcr', 'hamming', 'GIANA', 'gliph2', 'ismart', 'tcrdist3']",True,500,1,0,500,True,DBSCAN,50,0.5,True,,VDJdb,beta,2500,hamming,0.0037932395935058594,188
53,1638.0,IVTDFSVIK,IVTDFSVIK,1.0,1.0,4,177,20230719_125628,CPUs,4,['beta'],"['length', 'clustcr', 'hamming', 'GIANA', 'gliph2', 'ismart', 'tcrdist3']",True,500,1,0,500,True,DBSCAN,50,0.5,True,,VDJdb,beta,2500,hamming,0.0037932395935058594,188
54,3026.0,RAKFKQLL,RAKFKQLL,1.0,1.0,4,177,20230719_125628,CPUs,4,['beta'],"['length', 'clustcr', 'hamming', 'GIANA', 'gliph2', 'ismart', 'tcrdist3']",True,500,1,0,500,True,DBSCAN,50,0.5,True,,VDJdb,beta,2500,hamming,0.0037932395935058594,188
55,825.0,IVTDFSVIK,AVFDRKSDAK,0.6666666666666666,0.3333333333333333,3,177,20230719_125628,CPUs,4,['beta'],"['length', 'clustcr', 'hamming', 'GIANA', 'gliph2', 'ismart', 'tcrdist3']",True,500,1,0,500,True,DBSCAN,50,0.5,True,,VDJdb,beta,2500,hamming,0.0037932395935058594,188
56,18.0,GILGFVFTL,GILGFVFTL,1.0,1.0,3,177,20230719_125628,CPUs,4,['beta'],"['length', 'clustcr', 'hamming', 'GIANA', 'gliph2', 'ismart', 'tcrdist3']",True,500,1,0,500,True,DBSCAN,50,0.5,True,,VDJdb,beta,2500,hamming,0.0037932395935058594,188
57,331.0,IVTDFSVIK,IVTDFSVIK,0.6666666666666666,0.6666666666666666,3,177,20230719_125628,CPUs,4,['beta'],"['length', 'clustcr', 'hamming', 'GIANA', 'gliph2', 'ismart', 'tcrdist3']",True,500,1,0,500,True,DBSCAN,50,0.5,True,,VDJdb,beta,2500,hamming,0.0037932395935058594,188
58,1500.0,IVTDFSVIK,IVTDFSVIK,1.0,1.0,3,177,20230719_125628,CPUs,4,['beta'],"['length', 'clustcr', 'hamming', 'GIANA', 'gliph2', 'ismart', 'tcrdist3']",True,500,1,0,500,True,DBSCAN,50,0.5,True,,VDJdb,beta,2500,hamming,0.0037932395935058594,188
59,1440.0,RAKFKQLL,RAKFKQLL,0.6666666666666666,0.6666666666666666,3,177,20230719_125628,CPUs,4,['beta'],"['length', 'clustcr', 'hamming', 'GIANA', 'gliph2', 'ismart', 'tcrdist3']",True,500,1,0,500,True,DBSCAN,50,0.5,True,,VDJdb,beta,2500,hamming,0.0037932395935058594,188
60,638.0,IVTDFSVIK,AVFDRKSDAK,0.6666666666666666,0.3333333333333333,3,177,20230719_125628,CPUs,4,['beta'],"['length', 'clustcr', 'hamming', 'GIANA', 'gliph2', 'ismart', 'tcrdist3']",True,500,1,0,500,True,DBSCAN,50,0.5,True,,VDJdb,beta,2500,hamming,0.0037932395935058594,188
61,1664.0,IVTDFSVIK,IVTDFSVIK,1.0,1.0,3,177,20230719_125628,CPUs,4,['beta'],"['length', 'clustcr', 'hamming', 'GIANA', 'gliph2', 'ismart', 'tcrdist3']",True,500,1,0,500,True,DBSCAN,50,0.5,True,,VDJdb,beta,2500,hamming,0.0037932395935058594,188
62,1091.0,KLGGALQAK,KLGGALQAK,0.6666666666666666,0.6666666666666666,3,177,20230719_125628,CPUs,4,['beta'],"['length', 'clustcr', 'hamming', 'GIANA', 'gliph2', 'ismart', 'tcrdist3']",True,500,1,0,500,True,DBSCAN,50,0.5,True,,VDJdb,beta,2500,hamming,0.0037932395935058594,188
63,1396.0,RAKFKQLL,AVFDRKSDAK,0.6666666666666666,0.3333333333333333,3,177,20230719_125628,CPUs,4,['beta'],"['length', 'clustcr', 'hamming', 'GIANA', 'gliph2', 'ismart', 'tcrdist3']",True,500,1,0,500,True,DBSCAN,50,0.5,True,,VDJdb,beta,2500,hamming,0.0037932395935058594,188
64,1364.0,AVFDRKSDAK,KLGGALQAK,0.3333333333333333,0.3333333333333333,3,177,20230719_125628,CPUs,4,['beta'],"['length', 'clustcr', 'hamming', 'GIANA', 'gliph2', 'ismart', 'tcrdist3']",True,500,1,0,500,True,DBSCAN,50,0.5,True,,VDJdb,beta,2500,hamming,0.0037932395935058594,188
65,1839.0,RAKFKQLL,RAKFKQLL,0.6666666666666666,0.6666666666666666,3,177,20230719_125628,CPUs,4,['beta'],"['length', 'clustcr', 'hamming', 'GIANA', 'gliph2', 'ismart', 'tcrdist3']",True,500,1,0,500,True,DBSCAN,50,0.5,True,,VDJdb,beta,2500,hamming,0.0037932395935058594,188
66,51.0,GILGFVFTL,GILGFVFTL,0.6666666666666666,0.6666666666666666,3,177,20230719_125628,CPUs,4,['beta'],"['length', 'clustcr', 'hamming', 'GIANA', 'gliph2', 'ismart', 'tcrdist3']",True,500,1,0,500,True,DBSCAN,50,0.5,True,,VDJdb,beta,2500,hamming,0.0037932395935058594,188
67,695.0,AVFDRKSDAK,AVFDRKSDAK,0.6666666666666666,0.6666666666666666,3,177,20230719_125628,CPUs,4,['beta'],"['length', 'clustcr', 'hamming', 'GIANA', 'gliph2', 'ismart', 'tcrdist3']",True,500,1,0,500,True,DBSCAN,50,0.5,True,,VDJdb,beta,2500,hamming,0.0037932395935058594,188
68,1084.0,AVFDRKSDAK,KLGGALQAK,0.3333333333333333,0.3333333333333333,3,177,20230719_125628,CPUs,4,['beta'],"['length', 'clustcr', 'hamming', 'GIANA', 'gliph2', 'ismart', 'tcrdist3']",True,500,1,0,500,True,DBSCAN,50,0.5,True,,VDJdb,beta,2500,hamming,0.0037932395935058594,188
69,1894.0,IVTDFSVIK,IVTDFSVIK,0.6666666666666666,0.6666666666666666,3,177,20230719_125628,CPUs,4,['beta'],"['length', 'clustcr', 'hamming', 'GIANA', 'gliph2', 'ismart', 'tcrdist3']",True,500,1,0,500,True,DBSCAN,50,0.5,True,,VDJdb,beta,2500,hamming,0.0037932395935058594,188
70,1098.0,AVFDRKSDAK,KLGGALQAK,0.3333333333333333,0.3333333333333333,3,177,20230719_125628,CPUs,4,['beta'],"['length', 'clustcr', 'hamming', 'GIANA', 'gliph2', 'ismart', 'tcrdist3']",True,500,1,0,500,True,DBSCAN,50,0.5,True,,VDJdb,beta,2500,hamming,0.0037932395935058594,188
71,1134.0,RAKFKQLL,AVFDRKSDAK,0.6666666666666666,0.3333333333333333,3,177,20230719_125628,CPUs,4,['beta'],"['length', 'clustcr', 'hamming', 'GIANA', 'gliph2', 'ismart', 'tcrdist3']",True,500,1,0,500,True,DBSCAN,50,0.5,True,,VDJdb,beta,2500,hamming,0.0037932395935058594,188
72,1854.0,RAKFKQLL,RAKFKQLL,0.6666666666666666,0.6666666666666666,3,177,20230719_125628,CPUs,4,['beta'],"['length', 'clustcr', 'hamming', 'GIANA', 'gliph2', 'ismart', 'tcrdist3']",True,500,1,0,500,True,DBSCAN,50,0.5,True,,VDJdb,beta,2500,hamming,0.0037932395935058594,188
73,589.0,AVFDRKSDAK,AVFDRKSDAK,0.6666666666666666,0.6666666666666666,3,177,20230719_125628,CPUs,4,['beta'],"['length', 'clustcr', 'hamming', 'GIANA', 'gliph2', 'ismart', 'tcrdist3']",True,500,1,0,500,True,DBSCAN,50,0.5,True,,VDJdb,beta,2500,hamming,0.0037932395935058594,188
74,583.0,AVFDRKSDAK,AVFDRKSDAK,0.6666666666666666,0.6666666666666666,3,177,20230719_125628,CPUs,4,['beta'],"['length', 'clustcr', 'hamming', 'GIANA', 'gliph2', 'ismart', 'tcrdist3']",True,500,1,0,500,True,DBSCAN,50,0.5,True,,VDJdb,beta,2500,hamming,0.0037932395935058594,188
75,655.0,KLGGALQAK,KLGGALQAK,0.6666666666666666,0.6666666666666666,3,177,20230719_125628,CPUs,4,['beta'],"['length', 'clustcr', 'hamming', 'GIANA', 'gliph2', 'ismart', 'tcrdist3']",True,500,1,0,500,True,DBSCAN,50,0.5,True,,VDJdb,beta,2500,hamming,0.0037932395935058594,188
76,81.0,GILGFVFTL,GILGFVFTL,1.0,1.0,3,177,20230719_125628,CPUs,4,['beta'],"['length', 'clustcr', 'hamming', 'GIANA', 'gliph2', 'ismart', 'tcrdist3']",True,500,1,0,500,True,DBSCAN,50,0.5,True,,VDJdb,beta,2500,hamming,0.0037932395935058594,188
77,496.0,AVFDRKSDAK,AVFDRKSDAK,0.3333333333333333,0.3333333333333333,3,177,20230719_125628,CPUs,4,['beta'],"['length', 'clustcr', 'hamming', 'GIANA', 'gliph2', 'ismart', 'tcrdist3']",True,500,1,0,500,True,DBSCAN,50,0.5,True,,VDJdb,beta,2500,hamming,0.0037932395935058594,188
78,2957.0,RAKFKQLL,RAKFKQLL,1.0,1.0,3,177,20230719_125628,CPUs,4,['beta'],"['length', 'clustcr', 'hamming', 'GIANA', 'gliph2', 'ismart', 'tcrdist3']",True,500,1,0,500,True,DBSCAN,50,0.5,True,,VDJdb,beta,2500,hamming,0.0037932395935058594,188
79,279.0,RAKFKQLL,RAKFKQLL,0.6666666666666666,0.6666666666666666,3,177,20230719_125628,CPUs,4,['beta'],"['length', 'clustcr', 'hamming', 'GIANA', 'gliph2', 'ismart', 'tcrdist3']",True,500,1,0,500,True,DBSCAN,50,0.5,True,,VDJdb,beta,2500,hamming,0.0037932395935058594,188
80,525.0,AVFDRKSDAK,AVFDRKSDAK,0.3333333333333333,0.3333333333333333,3,177,20230719_125628,CPUs,4,['beta'],"['length', 'clustcr', 'hamming', 'GIANA', 'gliph2', 'ismart', 'tcrdist3']",True,500,1,0,500,True,DBSCAN,50,0.5,True,,VDJdb,beta,2500,hamming,0.0037932395935058594,188
81,3000.0,RAKFKQLL,RAKFKQLL,1.0,1.0,3,177,20230719_125628,CPUs,4,['beta'],"['length', 'clustcr', 'hamming', 'GIANA', 'gliph2', 'ismart', 'tcrdist3']",True,500,1,0,500,True,DBSCAN,50,0.5,True,,VDJdb,beta,2500,hamming,0.0037932395935058594,188
82,212.0,GILGFVFTL,GILGFVFTL,0.6666666666666666,0.6666666666666666,3,177,20230719_125628,CPUs,4,['beta'],"['length', 'clustcr', 'hamming', 'GIANA', 'gliph2', 'ismart', 'tcrdist3']",True,500,1,0,500,True,DBSCAN,50,0.5,True,,VDJdb,beta,2500,hamming,0.0037932395935058594,188
83,2914.0,RAKFKQLL,RAKFKQLL,1.0,1.0,3,177,20230719_125628,CPUs,4,['beta'],"['length', 'clustcr', 'hamming', 'GIANA', 'gliph2', 'ismart', 'tcrdist3']",True,500,1,0,500,True,DBSCAN,50,0.5,True,,VDJdb,beta,2500,hamming,0.0037932395935058594,188
84,48.0,GILGFVFTL,GILGFVFTL,1.0,1.0,3,177,20230719_125628,CPUs,4,['beta'],"['length', 'clustcr', 'hamming', 'GIANA', 'gliph2', 'ismart', 'tcrdist3']",True,500,1,0,500,True,DBSCAN,50,0.5,True,,VDJdb,beta,2500,hamming,0.0037932395935058594,188
85,339.0,RAKFKQLL,RAKFKQLL,0.6666666666666666,0.6666666666666666,3,177,20230719_125628,CPUs,4,['beta'],"['length', 'clustcr', 'hamming', 'GIANA', 'gliph2', 'ismart', 'tcrdist3']",True,500,1,0,500,True,DBSCAN,50,0.5,True,,VDJdb,beta,2500,hamming,0.0037932395935058594,188
86,189.0,GILGFVFTL,GILGFVFTL,1.0,1.0,3,177,20230719_125628,CPUs,4,['beta'],"['length', 'clustcr', 'hamming', 'GIANA', 'gliph2', 'ismart', 'tcrdist3']",True,500,1,0,500,True,DBSCAN,50,0.5,True,,VDJdb,beta,2500,hamming,0.0037932395935058594,188
87,97.0,GILGFVFTL,GILGFVFTL,1.0,1.0,3,177,20230719_125628,CPUs,4,['beta'],"['length', 'clustcr', 'hamming', 'GIANA', 'gliph2', 'ismart', 'tcrdist3']",True,500,1,0,500,True,DBSCAN,50,0.5,True,,VDJdb,beta,2500,hamming,0.0037932395935058594,188
88,1650.0,IVTDFSVIK,KLGGALQAK,0.5,0.5,2,177,20230719_125628,CPUs,4,['beta'],"['length', 'clustcr', 'hamming', 'GIANA', 'gliph2', 'ismart', 'tcrdist3']",True,500,1,0,500,True,DBSCAN,50,0.5,True,,VDJdb,beta,2500,hamming,0.0037932395935058594,188
89,3191.0,RAKFKQLL,RAKFKQLL,1.0,1.0,2,177,20230719_125628,CPUs,4,['beta'],"['length', 'clustcr', 'hamming', 'GIANA', 'gliph2', 'ismart', 'tcrdist3']",True,500,1,0,500,True,DBSCAN,50,0.5,True,,VDJdb,beta,2500,hamming,0.0037932395935058594,188
90,1676.0,IVTDFSVIK,KLGGALQAK,0.5,0.5,2,177,20230719_125628,CPUs,4,['beta'],"['length', 'clustcr', 'hamming', 'GIANA', 'gliph2', 'ismart', 'tcrdist3']",True,500,1,0,500,True,DBSCAN,50,0.5,True,,VDJdb,beta,2500,hamming,0.0037932395935058594,188
91,3018.0,RAKFKQLL,RAKFKQLL,1.0,1.0,2,177,20230719_125628,CPUs,4,['beta'],"['length', 'clustcr', 'hamming', 'GIANA', 'gliph2', 'ismart', 'tcrdist3']",True,500,1,0,500,True,DBSCAN,50,0.5,True,,VDJdb,beta,2500,hamming,0.0037932395935058594,188
92,3016.0,RAKFKQLL,RAKFKQLL,1.0,1.0,2,177,20230719_125628,CPUs,4,['beta'],"['length', 'clustcr', 'hamming', 'GIANA', 'gliph2', 'ismart', 'tcrdist3']",True,500,1,0,500,True,DBSCAN,50,0.5,True,,VDJdb,beta,2500,hamming,0.0037932395935058594,188
93,1748.0,IVTDFSVIK,KLGGALQAK,0.5,0.5,2,177,20230719_125628,CPUs,4,['beta'],"['length', 'clustcr', 'hamming', 'GIANA', 'gliph2', 'ismart', 'tcrdist3']",True,500,1,0,500,True,DBSCAN,50,0.5,True,,VDJdb,beta,2500,hamming,0.0037932395935058594,188
94,1330.0,IVTDFSVIK,KLGGALQAK,0.5,0.5,2,177,20230719_125628,CPUs,4,['beta'],"['length', 'clustcr', 'hamming', 'GIANA', 'gliph2', 'ismart', 'tcrdist3']",True,500,1,0,500,True,DBSCAN,50,0.5,True,,VDJdb,beta,2500,hamming,0.0037932395935058594,188
95,20.0,RAKFKQLL,RAKFKQLL,1.0,1.0,2,177,20230719_125628,CPUs,4,['beta'],"['length', 'clustcr', 'hamming', 'GIANA', 'gliph2', 'ismart', 'tcrdist3']",True,500,1,0,500,True,DBSCAN,50,0.5,True,,VDJdb,beta,2500,hamming,0.0037932395935058594,188
96,3123.0,RAKFKQLL,RAKFKQLL,1.0,1.0,2,177,20230719_125628,CPUs,4,['beta'],"['length', 'clustcr', 'hamming', 'GIANA', 'gliph2', 'ismart', 'tcrdist3']",True,500,1,0,500,True,DBSCAN,50,0.5,True,,VDJdb,beta,2500,hamming,0.0037932395935058594,188
97,1777.0,IVTDFSVIK,KLGGALQAK,0.5,0.5,2,177,20230719_125628,CPUs,4,['beta'],"['length', 'clustcr', 'hamming', 'GIANA', 'gliph2', 'ismart', 'tcrdist3']",True,500,1,0,500,True,DBSCAN,50,0.5,True,,VDJdb,beta,2500,hamming,0.0037932395935058594,188
98,1597.0,IVTDFSVIK,KLGGALQAK,0.5,0.5,2,177,20230719_125628,CPUs,4,['beta'],"['length', 'clustcr', 'hamming', 'GIANA', 'gliph2', 'ismart', 'tcrdist3']",True,500,1,0,500,True,DBSCAN,50,0.5,True,,VDJdb,beta,2500,hamming,0.0037932395935058594,188
99,1811.0,IVTDFSVIK,KLGGALQAK,0.5,0.5,2,177,20230719_125628,CPUs,4,['beta'],"['length', 'clustcr', 'hamming', 'GIANA', 'gliph2', 'ismart', 'tcrdist3']",True,500,1,0,500,True,DBSCAN,50,0.5,True,,VDJdb,beta,2500,hamming,0.0037932395935058594,188
100,3004.0,RAKFKQLL,RAKFKQLL,1.0,1.0,2,177,20230719_125628,CPUs,4,['beta'],"['length', 'clustcr', 'hamming', 'GIANA', 'gliph2', 'ismart', 'tcrdist3']",True,500,1,0,500,True,DBSCAN,50,0.5,True,,VDJdb,beta,2500,hamming,0.0037932395935058594,188
101,3246.0,RAKFKQLL,RAKFKQLL,1.0,1.0,2,177,20230719_125628,CPUs,4,['beta'],"['length', 'clustcr', 'hamming', 'GIANA', 'gliph2', 'ismart', 'tcrdist3']",True,500,1,0,500,True,DBSCAN,50,0.5,True,,VDJdb,beta,2500,hamming,0.0037932395935058594,188
102,3140.0,RAKFKQLL,RAKFKQLL,1.0,1.0,2,177,20230719_125628,CPUs,4,['beta'],"['length', 'clustcr', 'hamming', 'GIANA', 'gliph2', 'ismart', 'tcrdist3']",True,500,1,0,500,True,DBSCAN,50,0.5,True,,VDJdb,beta,2500,hamming,0.0037932395935058594,188
103,1992.0,KLGGALQAK,KLGGALQAK,0.5,0.5,2,177,20230719_125628,CPUs,4,['beta'],"['length', 'clustcr', 'hamming', 'GIANA', 'gliph2', 'ismart', 'tcrdist3']",True,500,1,0,500,True,DBSCAN,50,0.5,True,,VDJdb,beta,2500,hamming,0.0037932395935058594,188
104,2966.0,RAKFKQLL,RAKFKQLL,1.0,1.0,2,177,20230719_125628,CPUs,4,['beta'],"['length', 'clustcr', 'hamming', 'GIANA', 'gliph2', 'ismart', 'tcrdist3']",True,500,1,0,500,True,DBSCAN,50,0.5,True,,VDJdb,beta,2500,hamming,0.0037932395935058594,188
105,2968.0,RAKFKQLL,RAKFKQLL,1.0,1.0,2,177,20230719_125628,CPUs,4,['beta'],"['length', 'clustcr', 'hamming', 'GIANA', 'gliph2', 'ismart', 'tcrdist3']",True,500,1,0,500,True,DBSCAN,50,0.5,True,,VDJdb,beta,2500,hamming,0.0037932395935058594,188
106,2093.0,KLGGALQAK,KLGGALQAK,0.5,0.5,2,177,20230719_125628,CPUs,4,['beta'],"['length', 'clustcr', 'hamming', 'GIANA', 'gliph2', 'ismart', 'tcrdist3']",True,500,1,0,500,True,DBSCAN,50,0.5,True,,VDJdb,beta,2500,hamming,0.0037932395935058594,188
107,2270.0,KLGGALQAK,KLGGALQAK,1.0,1.0,2,177,20230719_125628,CPUs,4,['beta'],"['length', 'clustcr', 'hamming', 'GIANA', 'gliph2', 'ismart', 'tcrdist3']",True,500,1,0,500,True,DBSCAN,50,0.5,True,,VDJdb,beta,2500,hamming,0.0037932395935058594,188
108,2201.0,KLGGALQAK,KLGGALQAK,1.0,1.0,2,177,20230719_125628,CPUs,4,['beta'],"['length', 'clustcr', 'hamming', 'GIANA', 'gliph2', 'ismart', 'tcrdist3']",True,500,1,0,500,True,DBSCAN,50,0.5,True,,VDJdb,beta,2500,hamming,0.0037932395935058594,188
109,2180.0,KLGGALQAK,KLGGALQAK,0.5,0.5,2,177,20230719_125628,CPUs,4,['beta'],"['length', 'clustcr', 'hamming', 'GIANA', 'gliph2', 'ismart', 'tcrdist3']",True,500,1,0,500,True,DBSCAN,50,0.5,True,,VDJdb,beta,2500,hamming,0.0037932395935058594,188
110,1031.0,KLGGALQAK,KLGGALQAK,1.0,1.0,2,177,20230719_125628,CPUs,4,['beta'],"['length', 'clustcr', 'hamming', 'GIANA', 'gliph2', 'ismart', 'tcrdist3']",True,500,1,0,500,True,DBSCAN,50,0.5,True,,VDJdb,beta,2500,hamming,0.0037932395935058594,188
111,2069.0,KLGGALQAK,KLGGALQAK,1.0,1.0,2,177,20230719_125628,CPUs,4,['beta'],"['length', 'clustcr', 'hamming', 'GIANA', 'gliph2', 'ismart', 'tcrdist3']",True,500,1,0,500,True,DBSCAN,50,0.5,True,,VDJdb,beta,2500,hamming,0.0037932395935058594,188
112,2052.0,KLGGALQAK,KLGGALQAK,0.5,0.5,2,177,20230719_125628,CPUs,4,['beta'],"['length', 'clustcr', 'hamming', 'GIANA', 'gliph2', 'ismart', 'tcrdist3']",True,500,1,0,500,True,DBSCAN,50,0.5,True,,VDJdb,beta,2500,hamming,0.0037932395935058594,188
113,2029.0,KLGGALQAK,KLGGALQAK,1.0,1.0,2,177,20230719_125628,CPUs,4,['beta'],"['length', 'clustcr', 'hamming', 'GIANA', 'gliph2', 'ismart', 'tcrdist3']",True,500,1,0,500,True,DBSCAN,50,0.5,True,,VDJdb,beta,2500,hamming,0.0037932395935058594,188
114,3154.0,RAKFKQLL,RAKFKQLL,1.0,1.0,2,177,20230719_125628,CPUs,4,['beta'],"['length', 'clustcr', 'hamming', 'GIANA', 'gliph2', 'ismart', 'tcrdist3']",True,500,1,0,500,True,DBSCAN,50,0.5,True,,VDJdb,beta,2500,hamming,0.0037932395935058594,188
115,1566.0,IVTDFSVIK,IVTDFSVIK,1.0,1.0,2,177,20230719_125628,CPUs,4,['beta'],"['length', 'clustcr', 'hamming', 'GIANA', 'gliph2', 'ismart', 'tcrdist3']",True,500,1,0,500,True,DBSCAN,50,0.5,True,,VDJdb,beta,2500,hamming,0.0037932395935058594,188
116,187.0,KLGGALQAK,KLGGALQAK,0.5,0.5,2,177,20230719_125628,CPUs,4,['beta'],"['length', 'clustcr', 'hamming', 'GIANA', 'gliph2', 'ismart', 'tcrdist3']",True,500,1,0,500,True,DBSCAN,50,0.5,True,,VDJdb,beta,2500,hamming,0.0037932395935058594,188
117,1999.0,IVTDFSVIK,IVTDFSVIK,0.5,0.5,2,177,20230719_125628,CPUs,4,['beta'],"['length', 'clustcr', 'hamming', 'GIANA', 'gliph2', 'ismart', 'tcrdist3']",True,500,1,0,500,True,DBSCAN,50,0.5,True,,VDJdb,beta,2500,hamming,0.0037932395935058594,188
118,1983.0,IVTDFSVIK,IVTDFSVIK,0.5,0.5,2,177,20230719_125628,CPUs,4,['beta'],"['length', 'clustcr', 'hamming', 'GIANA', 'gliph2', 'ismart', 'tcrdist3']",True,500,1,0,500,True,DBSCAN,50,0.5,True,,VDJdb,beta,2500,hamming,0.0037932395935058594,188
119,2929.0,RAKFKQLL,RAKFKQLL,1.0,1.0,2,177,20230719_125628,CPUs,4,['beta'],"['length', 'clustcr', 'hamming', 'GIANA', 'gliph2', 'ismart', 'tcrdist3']",True,500,1,0,500,True,DBSCAN,50,0.5,True,,VDJdb,beta,2500,hamming,0.0037932395935058594,188
120,1972.0,IVTDFSVIK,KLGGALQAK,0.5,0.5,2,177,20230719_125628,CPUs,4,['beta'],"['length', 'clustcr', 'hamming', 'GIANA', 'gliph2', 'ismart', 'tcrdist3']",True,500,1,0,500,True,DBSCAN,50,0.5,True,,VDJdb,beta,2500,hamming,0.0037932395935058594,188
121,1782.0,RAKFKQLL,RAKFKQLL,1.0,1.0,2,177,20230719_125628,CPUs,4,['beta'],"['length', 'clustcr', 'hamming', 'GIANA', 'gliph2', 'ismart', 'tcrdist3']",True,500,1,0,500,True,DBSCAN,50,0.5,True,,VDJdb,beta,2500,hamming,0.0037932395935058594,188
122,2955.0,RAKFKQLL,RAKFKQLL,1.0,1.0,2,177,20230719_125628,CPUs,4,['beta'],"['length', 'clustcr', 'hamming', 'GIANA', 'gliph2', 'ismart', 'tcrdist3']",True,500,1,0,500,True,DBSCAN,50,0.5,True,,VDJdb,beta,2500,hamming,0.0037932395935058594,188
123,2962.0,RAKFKQLL,RAKFKQLL,1.0,1.0,2,177,20230719_125628,CPUs,4,['beta'],"['length', 'clustcr', 'hamming', 'GIANA', 'gliph2', 'ismart', 'tcrdist3']",True,500,1,0,500,True,DBSCAN,50,0.5,True,,VDJdb,beta,2500,hamming,0.0037932395935058594,188
124,2964.0,RAKFKQLL,RAKFKQLL,1.0,1.0,2,177,20230719_125628,CPUs,4,['beta'],"['length', 'clustcr', 'hamming', 'GIANA', 'gliph2', 'ismart', 'tcrdist3']",True,500,1,0,500,True,DBSCAN,50,0.5,True,,VDJdb,beta,2500,hamming,0.0037932395935058594,188
125,1285.0,KLGGALQAK,KLGGALQAK,0.5,0.5,2,177,20230719_125628,CPUs,4,['beta'],"['length', 'clustcr', 'hamming', 'GIANA', 'gliph2', 'ismart', 'tcrdist3']",True,500,1,0,500,True,DBSCAN,50,0.5,True,,VDJdb,beta,2500,hamming,0.0037932395935058594,188
126,1043.0,AVFDRKSDAK,AVFDRKSDAK,1.0,1.0,2,177,20230719_125628,CPUs,4,['beta'],"['length', 'clustcr', 'hamming', 'GIANA', 'gliph2', 'ismart', 'tcrdist3']",True,500,1,0,500,True,DBSCAN,50,0.5,True,,VDJdb,beta,2500,hamming,0.0037932395935058594,188
127,1554.0,IVTDFSVIK,KLGGALQAK,0.5,0.5,2,177,20230719_125628,CPUs,4,['beta'],"['length', 'clustcr', 'hamming', 'GIANA', 'gliph2', 'ismart', 'tcrdist3']",True,500,1,0,500,True,DBSCAN,50,0.5,True,,VDJdb,beta,2500,hamming,0.0037932395935058594,188
128,762.0,AVFDRKSDAK,KLGGALQAK,0.5,0.5,2,177,20230719_125628,CPUs,4,['beta'],"['length', 'clustcr', 'hamming', 'GIANA', 'gliph2', 'ismart', 'tcrdist3']",True,500,1,0,500,True,DBSCAN,50,0.5,True,,VDJdb,beta,2500,hamming,0.0037932395935058594,188
129,742.0,AVFDRKSDAK,AVFDRKSDAK,0.5,0.5,2,177,20230719_125628,CPUs,4,['beta'],"['length', 'clustcr', 'hamming', 'GIANA', 'gliph2', 'ismart', 'tcrdist3']",True,500,1,0,500,True,DBSCAN,50,0.5,True,,VDJdb,beta,2500,hamming,0.0037932395935058594,188
130,721.0,AVFDRKSDAK,AVFDRKSDAK,0.5,0.5,2,177,20230719_125628,CPUs,4,['beta'],"['length', 'clustcr', 'hamming', 'GIANA', 'gliph2', 'ismart', 'tcrdist3']",True,500,1,0,500,True,DBSCAN,50,0.5,True,,VDJdb,beta,2500,hamming,0.0037932395935058594,188
131,681.0,AVFDRKSDAK,AVFDRKSDAK,0.5,0.5,2,177,20230719_125628,CPUs,4,['beta'],"['length', 'clustcr', 'hamming', 'GIANA', 'gliph2', 'ismart', 'tcrdist3']",True,500,1,0,500,True,DBSCAN,50,0.5,True,,VDJdb,beta,2500,hamming,0.0037932395935058594,188
132,667.0,AVFDRKSDAK,AVFDRKSDAK,1.0,1.0,2,177,20230719_125628,CPUs,4,['beta'],"['length', 'clustcr', 'hamming', 'GIANA', 'gliph2', 'ismart', 'tcrdist3']",True,500,1,0,500,True,DBSCAN,50,0.5,True,,VDJdb,beta,2500,hamming,0.0037932395935058594,188
133,587.0,AVFDRKSDAK,AVFDRKSDAK,1.0,1.0,2,177,20230719_125628,CPUs,4,['beta'],"['length', 'clustcr', 'hamming', 'GIANA', 'gliph2', 'ismart', 'tcrdist3']",True,500,1,0,500,True,DBSCAN,50,0.5,True,,VDJdb,beta,2500,hamming,0.0037932395935058594,188
134,565.0,AVFDRKSDAK,AVFDRKSDAK,1.0,1.0,2,177,20230719_125628,CPUs,4,['beta'],"['length', 'clustcr', 'hamming', 'GIANA', 'gliph2', 'ismart', 'tcrdist3']",True,500,1,0,500,True,DBSCAN,50,0.5,True,,VDJdb,beta,2500,hamming,0.0037932395935058594,188
135,529.0,AVFDRKSDAK,AVFDRKSDAK,1.0,1.0,2,177,20230719_125628,CPUs,4,['beta'],"['length', 'clustcr', 'hamming', 'GIANA', 'gliph2', 'ismart', 'tcrdist3']",True,500,1,0,500,True,DBSCAN,50,0.5,True,,VDJdb,beta,2500,hamming,0.0037932395935058594,188
136,523.0,AVFDRKSDAK,AVFDRKSDAK,0.5,0.5,2,177,20230719_125628,CPUs,4,['beta'],"['length', 'clustcr', 'hamming', 'GIANA', 'gliph2', 'ismart', 'tcrdist3']",True,500,1,0,500,True,DBSCAN,50,0.5,True,,VDJdb,beta,2500,hamming,0.0037932395935058594,188
137,504.0,AVFDRKSDAK,AVFDRKSDAK,1.0,1.0,2,177,20230719_125628,CPUs,4,['beta'],"['length', 'clustcr', 'hamming', 'GIANA', 'gliph2', 'ismart', 'tcrdist3']",True,500,1,0,500,True,DBSCAN,50,0.5,True,,VDJdb,beta,2500,hamming,0.0037932395935058594,188
138,502.0,AVFDRKSDAK,AVFDRKSDAK,1.0,1.0,2,177,20230719_125628,CPUs,4,['beta'],"['length', 'clustcr', 'hamming', 'GIANA', 'gliph2', 'ismart', 'tcrdist3']",True,500,1,0,500,True,DBSCAN,50,0.5,True,,VDJdb,beta,2500,hamming,0.0037932395935058594,188
139,472.0,GILGFVFTL,RAKFKQLL,0.5,0.5,2,177,20230719_125628,CPUs,4,['beta'],"['length', 'clustcr', 'hamming', 'GIANA', 'gliph2', 'ismart', 'tcrdist3']",True,500,1,0,500,True,DBSCAN,50,0.5,True,,VDJdb,beta,2500,hamming,0.0037932395935058594,188
140,466.0,GILGFVFTL,IVTDFSVIK,0.5,0.5,2,177,20230719_125628,CPUs,4,['beta'],"['length', 'clustcr', 'hamming', 'GIANA', 'gliph2', 'ismart', 'tcrdist3']",True,500,1,0,500,True,DBSCAN,50,0.5,True,,VDJdb,beta,2500,hamming,0.0037932395935058594,188
141,386.0,GILGFVFTL,AVFDRKSDAK,0.5,0.5,2,177,20230719_125628,CPUs,4,['beta'],"['length', 'clustcr', 'hamming', 'GIANA', 'gliph2', 'ismart', 'tcrdist3']",True,500,1,0,500,True,DBSCAN,50,0.5,True,,VDJdb,beta,2500,hamming,0.0037932395935058594,188
142,370.0,GILGFVFTL,IVTDFSVIK,0.5,0.5,2,177,20230719_125628,CPUs,4,['beta'],"['length', 'clustcr', 'hamming', 'GIANA', 'gliph2', 'ismart', 'tcrdist3']",True,500,1,0,500,True,DBSCAN,50,0.5,True,,VDJdb,beta,2500,hamming,0.0037932395935058594,188
143,330.0,GILGFVFTL,RAKFKQLL,0.5,0.5,2,177,20230719_125628,CPUs,4,['beta'],"['length', 'clustcr', 'hamming', 'GIANA', 'gliph2', 'ismart', 'tcrdist3']",True,500,1,0,500,True,DBSCAN,50,0.5,True,,VDJdb,beta,2500,hamming,0.0037932395935058594,188
144,305.0,GILGFVFTL,RAKFKQLL,0.5,0.5,2,177,20230719_125628,CPUs,4,['beta'],"['length', 'clustcr', 'hamming', 'GIANA', 'gliph2', 'ismart', 'tcrdist3']",True,500,1,0,500,True,DBSCAN,50,0.5,True,,VDJdb,beta,2500,hamming,0.0037932395935058594,188
145,270.0,GILGFVFTL,GILGFVFTL,1.0,1.0,2,177,20230719_125628,CPUs,4,['beta'],"['length', 'clustcr', 'hamming', 'GIANA', 'gliph2', 'ismart', 'tcrdist3']",True,500,1,0,500,True,DBSCAN,50,0.5,True,,VDJdb,beta,2500,hamming,0.0037932395935058594,188
146,239.0,GILGFVFTL,IVTDFSVIK,0.5,0.5,2,177,20230719_125628,CPUs,4,['beta'],"['length', 'clustcr', 'hamming', 'GIANA', 'gliph2', 'ismart', 'tcrdist3']",True,500,1,0,500,True,DBSCAN,50,0.5,True,,VDJdb,beta,2500,hamming,0.0037932395935058594,188
147,173.0,GILGFVFTL,GILGFVFTL,1.0,1.0,2,177,20230719_125628,CPUs,4,['beta'],"['length', 'clustcr', 'hamming', 'GIANA', 'gliph2', 'ismart', 'tcrdist3']",True,500,1,0,500,True,DBSCAN,50,0.5,True,,VDJdb,beta,2500,hamming,0.0037932395935058594,188
148,66.0,GILGFVFTL,GILGFVFTL,1.0,1.0,2,177,20230719_125628,CPUs,4,['beta'],"['length', 'clustcr', 'hamming', 'GIANA', 'gliph2', 'ismart', 'tcrdist3']",True,500,1,0,500,True,DBSCAN,50,0.5,True,,VDJdb,beta,2500,hamming,0.0037932395935058594,188
149,164.0,GILGFVFTL,GILGFVFTL,1.0,1.0,2,177,20230719_125628,CPUs,4,['beta'],"['length', 'clustcr', 'hamming', 'GIANA', 'gliph2', 'ismart', 'tcrdist3']",True,500,1,0,500,True,DBSCAN,50,0.5,True,,VDJdb,beta,2500,hamming,0.0037932395935058594,188
150,134.0,GILGFVFTL,AVFDRKSDAK,0.5,0.5,2,177,20230719_125628,CPUs,4,['beta'],"['length', 'clustcr', 'hamming', 'GIANA', 'gliph2', 'ismart', 'tcrdist3']",True,500,1,0,500,True,DBSCAN,50,0.5,True,,VDJdb,beta,2500,hamming,0.0037932395935058594,188
151,126.0,GILGFVFTL,GILGFVFTL,1.0,1.0,2,177,20230719_125628,CPUs,4,['beta'],"['length', 'clustcr', 'hamming', 'GIANA', 'gliph2', 'ismart', 'tcrdist3']",True,500,1,0,500,True,DBSCAN,50,0.5,True,,VDJdb,beta,2500,hamming,0.0037932395935058594,188
152,80.0,GILGFVFTL,IVTDFSVIK,0.5,0.5,2,177,20230719_125628,CPUs,4,['beta'],"['length', 'clustcr', 'hamming', 'GIANA', 'gliph2', 'ismart', 'tcrdist3']",True,500,1,0,500,True,DBSCAN,50,0.5,True,,VDJdb,beta,2500,hamming,0.0037932395935058594,188
153,114.0,GILGFVFTL,GILGFVFTL,1.0,1.0,2,177,20230719_125628,CPUs,4,['beta'],"['length', 'clustcr', 'hamming', 'GIANA', 'gliph2', 'ismart', 'tcrdist3']",True,500,1,0,500,True,DBSCAN,50,0.5,True,,VDJdb,beta,2500,hamming,0.0037932395935058594,188
154,52.0,GILGFVFTL,RAKFKQLL,0.5,0.5,2,177,20230719_125628,CPUs,4,['beta'],"['length', 'clustcr', 'hamming', 'GIANA', 'gliph2', 'ismart', 'tcrdist3']",True,500,1,0,500,True,DBSCAN,50,0.5,True,,VDJdb,beta,2500,hamming,0.0037932395935058594,188
155,83.0,GILGFVFTL,GILGFVFTL,1.0,1.0,2,177,20230719_125628,CPUs,4,['beta'],"['length', 'clustcr', 'hamming', 'GIANA', 'gliph2', 'ismart', 'tcrdist3']",True,500,1,0,500,True,DBSCAN,50,0.5,True,,VDJdb,beta,2500,hamming,0.0037932395935058594,188
156,748.0,AVFDRKSDAK,AVFDRKSDAK,0.5,0.5,2,177,20230719_125628,CPUs,4,['beta'],"['length', 'clustcr', 'hamming', 'GIANA', 'gliph2', 'ismart', 'tcrdist3']",True,500,1,0,500,True,DBSCAN,50,0.5,True,,VDJdb,beta,2500,hamming,0.0037932395935058594,188
157,764.0,AVFDRKSDAK,AVFDRKSDAK,0.5,0.5,2,177,20230719_125628,CPUs,4,['beta'],"['length', 'clustcr', 'hamming', 'GIANA', 'gliph2', 'ismart', 'tcrdist3']",True,500,1,0,500,True,DBSCAN,50,0.5,True,,VDJdb,beta,2500,hamming,0.0037932395935058594,188
158,1536.0,IVTDFSVIK,IVTDFSVIK,1.0,1.0,2,177,20230719_125628,CPUs,4,['beta'],"['length', 'clustcr', 'hamming', 'GIANA', 'gliph2', 'ismart', 'tcrdist3']",True,500,1,0,500,True,DBSCAN,50,0.5,True,,VDJdb,beta,2500,hamming,0.0037932395935058594,188
159,766.0,AVFDRKSDAK,KLGGALQAK,0.5,0.5,2,177,20230719_125628,CPUs,4,['beta'],"['length', 'clustcr', 'hamming', 'GIANA', 'gliph2', 'ismart', 'tcrdist3']",True,500,1,0,500,True,DBSCAN,50,0.5,True,,VDJdb,beta,2500,hamming,0.0037932395935058594,188
160,1530.0,IVTDFSVIK,IVTDFSVIK,0.5,0.5,2,177,20230719_125628,CPUs,4,['beta'],"['length', 'clustcr', 'hamming', 'GIANA', 'gliph2', 'ismart', 'tcrdist3']",True,500,1,0,500,True,DBSCAN,50,0.5,True,,VDJdb,beta,2500,hamming,0.0037932395935058594,188
161,1496.0,IVTDFSVIK,IVTDFSVIK,0.5,0.5,2,177,20230719_125628,CPUs,4,['beta'],"['length', 'clustcr', 'hamming', 'GIANA', 'gliph2', 'ismart', 'tcrdist3']",True,500,1,0,500,True,DBSCAN,50,0.5,True,,VDJdb,beta,2500,hamming,0.0037932395935058594,188
162,1407.0,IVTDFSVIK,IVTDFSVIK,0.5,0.5,2,177,20230719_125628,CPUs,4,['beta'],"['length', 'clustcr', 'hamming', 'GIANA', 'gliph2', 'ismart', 'tcrdist3']",True,500,1,0,500,True,DBSCAN,50,0.5,True,,VDJdb,beta,2500,hamming,0.0037932395935058594,188
163,1472.0,IVTDFSVIK,IVTDFSVIK,0.5,0.5,2,177,20230719_125628,CPUs,4,['beta'],"['length', 'clustcr', 'hamming', 'GIANA', 'gliph2', 'ismart', 'tcrdist3']",True,500,1,0,500,True,DBSCAN,50,0.5,True,,VDJdb,beta,2500,hamming,0.0037932395935058594,188
164,1450.0,IVTDFSVIK,IVTDFSVIK,1.0,1.0,2,177,20230719_125628,CPUs,4,['beta'],"['length', 'clustcr', 'hamming', 'GIANA', 'gliph2', 'ismart', 'tcrdist3']",True,500,1,0,500,True,DBSCAN,50,0.5,True,,VDJdb,beta,2500,hamming,0.0037932395935058594,188
165,127.0,IVTDFSVIK,KLGGALQAK,0.5,0.5,2,177,20230719_125628,CPUs,4,['beta'],"['length', 'clustcr', 'hamming', 'GIANA', 'gliph2', 'ismart', 'tcrdist3']",True,500,1,0,500,True,DBSCAN,50,0.5,True,,VDJdb,beta,2500,hamming,0.0037932395935058594,188
166,786.0,AVFDRKSDAK,KLGGALQAK,0.5,0.5,2,177,20230719_125628,CPUs,4,['beta'],"['length', 'clustcr', 'hamming', 'GIANA', 'gliph2', 'ismart', 'tcrdist3']",True,500,1,0,500,True,DBSCAN,50,0.5,True,,VDJdb,beta,2500,hamming,0.0037932395935058594,188
167,1360.0,AVFDRKSDAK,AVFDRKSDAK,0.5,0.5,2,177,20230719_125628,CPUs,4,['beta'],"['length', 'clustcr', 'hamming', 'GIANA', 'gliph2', 'ismart', 'tcrdist3']",True,500,1,0,500,True,DBSCAN,50,0.5,True,,VDJdb,beta,2500,hamming,0.0037932395935058594,188
168,1303.0,AVFDRKSDAK,KLGGALQAK,0.5,0.5,2,177,20230719_125628,CPUs,4,['beta'],"['length', 'clustcr', 'hamming', 'GIANA', 'gliph2', 'ismart', 'tcrdist3']",True,500,1,0,500,True,DBSCAN,50,0.5,True,,VDJdb,beta,2500,hamming,0.0037932395935058594,188
169,1218.0,AVFDRKSDAK,AVFDRKSDAK,0.5,0.5,2,177,20230719_125628,CPUs,4,['beta'],"['length', 'clustcr', 'hamming', 'GIANA', 'gliph2', 'ismart', 'tcrdist3']",True,500,1,0,500,True,DBSCAN,50,0.5,True,,VDJdb,beta,2500,hamming,0.0037932395935058594,188
170,1216.0,AVFDRKSDAK,AVFDRKSDAK,0.5,0.5,2,177,20230719_125628,CPUs,4,['beta'],"['length', 'clustcr', 'hamming', 'GIANA', 'gliph2', 'ismart', 'tcrdist3']",True,500,1,0,500,True,DBSCAN,50,0.5,True,,VDJdb,beta,2500,hamming,0.0037932395935058594,188
171,1177.0,AVFDRKSDAK,AVFDRKSDAK,1.0,1.0,2,177,20230719_125628,CPUs,4,['beta'],"['length', 'clustcr', 'hamming', 'GIANA', 'gliph2', 'ismart', 'tcrdist3']",True,500,1,0,500,True,DBSCAN,50,0.5,True,,VDJdb,beta,2500,hamming,0.0037932395935058594,188
172,1175.0,AVFDRKSDAK,AVFDRKSDAK,0.5,0.5,2,177,20230719_125628,CPUs,4,['beta'],"['length', 'clustcr', 'hamming', 'GIANA', 'gliph2', 'ismart', 'tcrdist3']",True,500,1,0,500,True,DBSCAN,50,0.5,True,,VDJdb,beta,2500,hamming,0.0037932395935058594,188
173,1157.0,AVFDRKSDAK,AVFDRKSDAK,1.0,1.0,2,177,20230719_125628,CPUs,4,['beta'],"['length', 'clustcr', 'hamming', 'GIANA', 'gliph2', 'ismart', 'tcrdist3']",True,500,1,0,500,True,DBSCAN,50,0.5,True,,VDJdb,beta,2500,hamming,0.0037932395935058594,188
174,1093.0,AVFDRKSDAK,AVFDRKSDAK,0.5,0.5,2,177,20230719_125628,CPUs,4,['beta'],"['length', 'clustcr', 'hamming', 'GIANA', 'gliph2', 'ismart', 'tcrdist3']",True,500,1,0,500,True,DBSCAN,50,0.5,True,,VDJdb,beta,2500,hamming,0.0037932395935058594,188
175,1094.0,AVFDRKSDAK,KLGGALQAK,0.5,0.5,2,177,20230719_125628,CPUs,4,['beta'],"['length', 'clustcr', 'hamming', 'GIANA', 'gliph2', 'ismart', 'tcrdist3']",True,500,1,0,500,True,DBSCAN,50,0.5,True,,VDJdb,beta,2500,hamming,0.0037932395935058594,188
176,1076.0,AVFDRKSDAK,AVFDRKSDAK,0.5,0.5,2,177,20230719_125628,CPUs,4,['beta'],"['length', 'clustcr', 'hamming', 'GIANA', 'gliph2', 'ismart', 'tcrdist3']",True,500,1,0,500,True,DBSCAN,50,0.5,True,,VDJdb,beta,2500,hamming,0.0037932395935058594,188
177,1022.0,AVFDRKSDAK,KLGGALQAK,0.5,0.5,2,177,20230719_125628,CPUs,4,['beta'],"['length', 'clustcr', 'hamming', 'GIANA', 'gliph2', 'ismart', 'tcrdist3']",True,500,1,0,500,True,DBSCAN,50,0.5,True,,VDJdb,beta,2500,hamming,0.0037932395935058594,188
178,1017.0,AVFDRKSDAK,AVFDRKSDAK,0.5,0.5,2,177,20230719_125628,CPUs,4,['beta'],"['length', 'clustcr', 'hamming', 'GIANA', 'gliph2', 'ismart', 'tcrdist3']",True,500,1,0,500,True,DBSCAN,50,0.5,True,,VDJdb,beta,2500,hamming,0.0037932395935058594,188
179,913.0,AVFDRKSDAK,AVFDRKSDAK,0.5,0.5,2,177,20230719_125628,CPUs,4,['beta'],"['length', 'clustcr', 'hamming', 'GIANA', 'gliph2', 'ismart', 'tcrdist3']",True,500,1,0,500,True,DBSCAN,50,0.5,True,,VDJdb,beta,2500,hamming,0.0037932395935058594,188
180,909.0,AVFDRKSDAK,AVFDRKSDAK,0.5,0.5,2,177,20230719_125628,CPUs,4,['beta'],"['length', 'clustcr', 'hamming', 'GIANA', 'gliph2', 'ismart', 'tcrdist3']",True,500,1,0,500,True,DBSCAN,50,0.5,True,,VDJdb,beta,2500,hamming,0.0037932395935058594,188
181,883.0,AVFDRKSDAK,AVFDRKSDAK,0.5,0.5,2,177,20230719_125628,CPUs,4,['beta'],"['length', 'clustcr', 'hamming', 'GIANA', 'gliph2', 'ismart', 'tcrdist3']",True,500,1,0,500,True,DBSCAN,50,0.5,True,,VDJdb,beta,2500,hamming,0.0037932395935058594,188
182,818.0,AVFDRKSDAK,AVFDRKSDAK,1.0,1.0,2,177,20230719_125628,CPUs,4,['beta'],"['length', 'clustcr', 'hamming', 'GIANA', 'gliph2', 'ismart', 'tcrdist3']",True,500,1,0,500,True,DBSCAN,50,0.5,True,,VDJdb,beta,2500,hamming,0.0037932395935058594,188
183,814.0,AVFDRKSDAK,KLGGALQAK,0.5,0.5,2,177,20230719_125628,CPUs,4,['beta'],"['length', 'clustcr', 'hamming', 'GIANA', 'gliph2', 'ismart', 'tcrdist3']",True,500,1,0,500,True,DBSCAN,50,0.5,True,,VDJdb,beta,2500,hamming,0.0037932395935058594,188
184,808.0,AVFDRKSDAK,KLGGALQAK,0.5,0.5,2,177,20230719_125628,CPUs,4,['beta'],"['length', 'clustcr', 'hamming', 'GIANA', 'gliph2', 'ismart', 'tcrdist3']",True,500,1,0,500,True,DBSCAN,50,0.5,True,,VDJdb,beta,2500,hamming,0.0037932395935058594,188
185,798.0,AVFDRKSDAK,AVFDRKSDAK,0.5,0.5,2,177,20230719_125628,CPUs,4,['beta'],"['length', 'clustcr', 'hamming', 'GIANA', 'gliph2', 'ismart', 'tcrdist3']",True,500,1,0,500,True,DBSCAN,50,0.5,True,,VDJdb,beta,2500,hamming,0.0037932395935058594,188
186,770.0,AVFDRKSDAK,AVFDRKSDAK,1.0,1.0,2,177,20230719_125628,CPUs,4,['beta'],"['length', 'clustcr', 'hamming', 'GIANA', 'gliph2', 'ismart', 'tcrdist3']",True,500,1,0,500,True,DBSCAN,50,0.5,True,,VDJdb,beta,2500,hamming,0.0037932395935058594,188
187,1136.0,RAKFKQLL,RAKFKQLL,1.0,1.0,2,177,20230719_125628,CPUs,4,['beta'],"['length', 'clustcr', 'hamming', 'GIANA', 'gliph2', 'ismart', 'tcrdist3']",True,500,1,0,500,True,DBSCAN,50,0.5,True,,VDJdb,beta,2500,hamming,0.0037932395935058594,188
0,1.0,GILGFVFTL,GILGFVFTL,0.238,0.238,500,0,20230719_125628,CPUs,4,['beta'],"['length', 'clustcr', 'hamming', 'GIANA', 'gliph2', 'ismart', 'tcrdist3']",True,500,1,0,500,True,DBSCAN,50,0.5,True,,VDJdb,beta,2500,random,0.0013818740844726562,5
1,4.0,IVTDFSVIK,IVTDFSVIK,0.216,0.216,500,0,20230719_125628,CPUs,4,['beta'],"['length', 'clustcr', 'hamming', 'GIANA', 'gliph2', 'ismart', 'tcrdist3']",True,500,1,0,500,True,DBSCAN,50,0.5,True,,VDJdb,beta,2500,random,0.0013818740844726562,5
2,2.0,AVFDRKSDAK,AVFDRKSDAK,0.236,0.236,500,0,20230719_125628,CPUs,4,['beta'],"['length', 'clustcr', 'hamming', 'GIANA', 'gliph2', 'ismart', 'tcrdist3']",True,500,1,0,500,True,DBSCAN,50,0.5,True,,VDJdb,beta,2500,random,0.0013818740844726562,5
3,0.0,RAKFKQLL,RAKFKQLL,0.22,0.22,500,0,20230719_125628,CPUs,4,['beta'],"['length', 'clustcr', 'hamming', 'GIANA', 'gliph2', 'ismart', 'tcrdist3']",True,500,1,0,500,True,DBSCAN,50,0.5,True,,VDJdb,beta,2500,random,0.0013818740844726562,5
4,3.0,IVTDFSVIK,IVTDFSVIK,0.216,0.216,500,0,20230719_125628,CPUs,4,['beta'],"['length', 'clustcr', 'hamming', 'GIANA', 'gliph2', 'ismart', 'tcrdist3']",True,500,1,0,500,True,DBSCAN,50,0.5,True,,VDJdb,beta,2500,random,0.0013818740844726562,5
0,37,GILGFVFTL,GILGFVFTL,0.9133858267716536,0.9133858267716536,127,127,20230719_125628,CPUs,4,['beta'],"['length', 'clustcr', 'hamming', 'GIANA', 'gliph2', 'ismart', 'tcrdist3']",True,500,1,0,500,True,DBSCAN,50,0.5,True,,VDJdb,beta,2500,GIANA,12.2592031955719,137
1,86,IVTDFSVIK,IVTDFSVIK,0.9652173913043478,0.9652173913043478,115,127,20230719_125628,CPUs,4,['beta'],"['length', 'clustcr', 'hamming', 'GIANA', 'gliph2', 'ismart', 'tcrdist3']",True,500,1,0,500,True,DBSCAN,50,0.5,True,,VDJdb,beta,2500,GIANA,12.2592031955719,137
2,57,RAKFKQLL,RAKFKQLL,0.8548387096774194,0.8548387096774194,62,127,20230719_125628,CPUs,4,['beta'],"['length', 'clustcr', 'hamming', 'GIANA', 'gliph2', 'ismart', 'tcrdist3']",True,500,1,0,500,True,DBSCAN,50,0.5,True,,VDJdb,beta,2500,GIANA,12.2592031955719,137
3,35,GILGFVFTL,GILGFVFTL,1.0,1.0,54,127,20230719_125628,CPUs,4,['beta'],"['length', 'clustcr', 'hamming', 'GIANA', 'gliph2', 'ismart', 'tcrdist3']",True,500,1,0,500,True,DBSCAN,50,0.5,True,,VDJdb,beta,2500,GIANA,12.2592031955719,137
4,10,RAKFKQLL,RAKFKQLL,0.9117647058823529,0.9117647058823529,34,127,20230719_125628,CPUs,4,['beta'],"['length', 'clustcr', 'hamming', 'GIANA', 'gliph2', 'ismart', 'tcrdist3']",True,500,1,0,500,True,DBSCAN,50,0.5,True,,VDJdb,beta,2500,GIANA,12.2592031955719,137
5,67,IVTDFSVIK,IVTDFSVIK,1.0,1.0,25,127,20230719_125628,CPUs,4,['beta'],"['length', 'clustcr', 'hamming', 'GIANA', 'gliph2', 'ismart', 'tcrdist3']",True,500,1,0,500,True,DBSCAN,50,0.5,True,,VDJdb,beta,2500,GIANA,12.2592031955719,137
6,36,GILGFVFTL,GILGFVFTL,0.9375,0.9375,16,127,20230719_125628,CPUs,4,['beta'],"['length', 'clustcr', 'hamming', 'GIANA', 'gliph2', 'ismart', 'tcrdist3']",True,500,1,0,500,True,DBSCAN,50,0.5,True,,VDJdb,beta,2500,GIANA,12.2592031955719,137
7,118,GILGFVFTL,GILGFVFTL,1.0,1.0,14,127,20230719_125628,CPUs,4,['beta'],"['length', 'clustcr', 'hamming', 'GIANA', 'gliph2', 'ismart', 'tcrdist3']",True,500,1,0,500,True,DBSCAN,50,0.5,True,,VDJdb,beta,2500,GIANA,12.2592031955719,137
8,30,GILGFVFTL,GILGFVFTL,1.0,1.0,13,127,20230719_125628,CPUs,4,['beta'],"['length', 'clustcr', 'hamming', 'GIANA', 'gliph2', 'ismart', 'tcrdist3']",True,500,1,0,500,True,DBSCAN,50,0.5,True,,VDJdb,beta,2500,GIANA,12.2592031955719,137
9,114,GILGFVFTL,GILGFVFTL,1.0,1.0,12,127,20230719_125628,CPUs,4,['beta'],"['length', 'clustcr', 'hamming', 'GIANA', 'gliph2', 'ismart', 'tcrdist3']",True,500,1,0,500,True,DBSCAN,50,0.5,True,,VDJdb,beta,2500,GIANA,12.2592031955719,137
10,113,RAKFKQLL,RAKFKQLL,1.0,1.0,10,127,20230719_125628,CPUs,4,['beta'],"['length', 'clustcr', 'hamming', 'GIANA', 'gliph2', 'ismart', 'tcrdist3']",True,500,1,0,500,True,DBSCAN,50,0.5,True,,VDJdb,beta,2500,GIANA,12.2592031955719,137
11,51,AVFDRKSDAK,AVFDRKSDAK,0.8,0.8,10,127,20230719_125628,CPUs,4,['beta'],"['length', 'clustcr', 'hamming', 'GIANA', 'gliph2', 'ismart', 'tcrdist3']",True,500,1,0,500,True,DBSCAN,50,0.5,True,,VDJdb,beta,2500,GIANA,12.2592031955719,137
12,73,RAKFKQLL,RAKFKQLL,0.8888888888888888,0.8888888888888888,9,127,20230719_125628,CPUs,4,['beta'],"['length', 'clustcr', 'hamming', 'GIANA', 'gliph2', 'ismart', 'tcrdist3']",True,500,1,0,500,True,DBSCAN,50,0.5,True,,VDJdb,beta,2500,GIANA,12.2592031955719,137
13,80,RAKFKQLL,RAKFKQLL,0.8888888888888888,0.8888888888888888,9,127,20230719_125628,CPUs,4,['beta'],"['length', 'clustcr', 'hamming', 'GIANA', 'gliph2', 'ismart', 'tcrdist3']",True,500,1,0,500,True,DBSCAN,50,0.5,True,,VDJdb,beta,2500,GIANA,12.2592031955719,137
14,121,RAKFKQLL,RAKFKQLL,0.875,0.875,8,127,20230719_125628,CPUs,4,['beta'],"['length', 'clustcr', 'hamming', 'GIANA', 'gliph2', 'ismart', 'tcrdist3']",True,500,1,0,500,True,DBSCAN,50,0.5,True,,VDJdb,beta,2500,GIANA,12.2592031955719,137
15,100,RAKFKQLL,KLGGALQAK,0.375,0.25,8,127,20230719_125628,CPUs,4,['beta'],"['length', 'clustcr', 'hamming', 'GIANA', 'gliph2', 'ismart', 'tcrdist3']",True,500,1,0,500,True,DBSCAN,50,0.5,True,,VDJdb,beta,2500,GIANA,12.2592031955719,137
16,33,GILGFVFTL,GILGFVFTL,1.0,1.0,8,127,20230719_125628,CPUs,4,['beta'],"['length', 'clustcr', 'hamming', 'GIANA', 'gliph2', 'ismart', 'tcrdist3']",True,500,1,0,500,True,DBSCAN,50,0.5,True,,VDJdb,beta,2500,GIANA,12.2592031955719,137
17,87,AVFDRKSDAK,AVFDRKSDAK,0.7142857142857143,0.7142857142857143,7,127,20230719_125628,CPUs,4,['beta'],"['length', 'clustcr', 'hamming', 'GIANA', 'gliph2', 'ismart', 'tcrdist3']",True,500,1,0,500,True,DBSCAN,50,0.5,True,,VDJdb,beta,2500,GIANA,12.2592031955719,137
18,127,RAKFKQLL,RAKFKQLL,0.8333333333333334,0.8333333333333334,6,127,20230719_125628,CPUs,4,['beta'],"['length', 'clustcr', 'hamming', 'GIANA', 'gliph2', 'ismart', 'tcrdist3']",True,500,1,0,500,True,DBSCAN,50,0.5,True,,VDJdb,beta,2500,GIANA,12.2592031955719,137
19,58,RAKFKQLL,RAKFKQLL,0.6666666666666666,0.6666666666666666,6,127,20230719_125628,CPUs,4,['beta'],"['length', 'clustcr', 'hamming', 'GIANA', 'gliph2', 'ismart', 'tcrdist3']",True,500,1,0,500,True,DBSCAN,50,0.5,True,,VDJdb,beta,2500,GIANA,12.2592031955719,137
20,104,IVTDFSVIK,KLGGALQAK,0.3333333333333333,0.3333333333333333,6,127,20230719_125628,CPUs,4,['beta'],"['length', 'clustcr', 'hamming', 'GIANA', 'gliph2', 'ismart', 'tcrdist3']",True,500,1,0,500,True,DBSCAN,50,0.5,True,,VDJdb,beta,2500,GIANA,12.2592031955719,137
21,103,RAKFKQLL,AVFDRKSDAK,0.5,0.16666666666666666,6,127,20230719_125628,CPUs,4,['beta'],"['length', 'clustcr', 'hamming', 'GIANA', 'gliph2', 'ismart', 'tcrdist3']",True,500,1,0,500,True,DBSCAN,50,0.5,True,,VDJdb,beta,2500,GIANA,12.2592031955719,137
22,16,RAKFKQLL,RAKFKQLL,0.8333333333333334,0.8333333333333334,6,127,20230719_125628,CPUs,4,['beta'],"['length', 'clustcr', 'hamming', 'GIANA', 'gliph2', 'ismart', 'tcrdist3']",True,500,1,0,500,True,DBSCAN,50,0.5,True,,VDJdb,beta,2500,GIANA,12.2592031955719,137
23,85,AVFDRKSDAK,AVFDRKSDAK,0.5,0.5,6,127,20230719_125628,CPUs,4,['beta'],"['length', 'clustcr', 'hamming', 'GIANA', 'gliph2', 'ismart', 'tcrdist3']",True,500,1,0,500,True,DBSCAN,50,0.5,True,,VDJdb,beta,2500,GIANA,12.2592031955719,137
24,15,KLGGALQAK,KLGGALQAK,0.8,0.8,5,127,20230719_125628,CPUs,4,['beta'],"['length', 'clustcr', 'hamming', 'GIANA', 'gliph2', 'ismart', 'tcrdist3']",True,500,1,0,500,True,DBSCAN,50,0.5,True,,VDJdb,beta,2500,GIANA,12.2592031955719,137
25,49,RAKFKQLL,RAKFKQLL,1.0,1.0,5,127,20230719_125628,CPUs,4,['beta'],"['length', 'clustcr', 'hamming', 'GIANA', 'gliph2', 'ismart', 'tcrdist3']",True,500,1,0,500,True,DBSCAN,50,0.5,True,,VDJdb,beta,2500,GIANA,12.2592031955719,137
26,62,AVFDRKSDAK,AVFDRKSDAK,0.6,0.6,5,127,20230719_125628,CPUs,4,['beta'],"['length', 'clustcr', 'hamming', 'GIANA', 'gliph2', 'ismart', 'tcrdist3']",True,500,1,0,500,True,DBSCAN,50,0.5,True,,VDJdb,beta,2500,GIANA,12.2592031955719,137
27,81,RAKFKQLL,RAKFKQLL,0.8,0.8,5,127,20230719_125628,CPUs,4,['beta'],"['length', 'clustcr', 'hamming', 'GIANA', 'gliph2', 'ismart', 'tcrdist3']",True,500,1,0,500,True,DBSCAN,50,0.5,True,,VDJdb,beta,2500,GIANA,12.2592031955719,137
28,50,IVTDFSVIK,IVTDFSVIK,1.0,1.0,5,127,20230719_125628,CPUs,4,['beta'],"['length', 'clustcr', 'hamming', 'GIANA', 'gliph2', 'ismart', 'tcrdist3']",True,500,1,0,500,True,DBSCAN,50,0.5,True,,VDJdb,beta,2500,GIANA,12.2592031955719,137
29,18,RAKFKQLL,RAKFKQLL,1.0,1.0,5,127,20230719_125628,CPUs,4,['beta'],"['length', 'clustcr', 'hamming', 'GIANA', 'gliph2', 'ismart', 'tcrdist3']",True,500,1,0,500,True,DBSCAN,50,0.5,True,,VDJdb,beta,2500,GIANA,12.2592031955719,137
30,115,GILGFVFTL,GILGFVFTL,1.0,1.0,5,127,20230719_125628,CPUs,4,['beta'],"['length', 'clustcr', 'hamming', 'GIANA', 'gliph2', 'ismart', 'tcrdist3']",True,500,1,0,500,True,DBSCAN,50,0.5,True,,VDJdb,beta,2500,GIANA,12.2592031955719,137
31,34,GILGFVFTL,GILGFVFTL,1.0,1.0,5,127,20230719_125628,CPUs,4,['beta'],"['length', 'clustcr', 'hamming', 'GIANA', 'gliph2', 'ismart', 'tcrdist3']",True,500,1,0,500,True,DBSCAN,50,0.5,True,,VDJdb,beta,2500,GIANA,12.2592031955719,137
32,83,RAKFKQLL,RAKFKQLL,1.0,1.0,4,127,20230719_125628,CPUs,4,['beta'],"['length', 'clustcr', 'hamming', 'GIANA', 'gliph2', 'ismart', 'tcrdist3']",True,500,1,0,500,True,DBSCAN,50,0.5,True,,VDJdb,beta,2500,GIANA,12.2592031955719,137
33,2,GILGFVFTL,RAKFKQLL,0.5,0.5,4,127,20230719_125628,CPUs,4,['beta'],"['length', 'clustcr', 'hamming', 'GIANA', 'gliph2', 'ismart', 'tcrdist3']",True,500,1,0,500,True,DBSCAN,50,0.5,True,,VDJdb,beta,2500,GIANA,12.2592031955719,137
34,82,RAKFKQLL,AVFDRKSDAK,0.5,0.25,4,127,20230719_125628,CPUs,4,['beta'],"['length', 'clustcr', 'hamming', 'GIANA', 'gliph2', 'ismart', 'tcrdist3']",True,500,1,0,500,True,DBSCAN,50,0.5,True,,VDJdb,beta,2500,GIANA,12.2592031955719,137
35,9,IVTDFSVIK,IVTDFSVIK,1.0,1.0,4,127,20230719_125628,CPUs,4,['beta'],"['length', 'clustcr', 'hamming', 'GIANA', 'gliph2', 'ismart', 'tcrdist3']",True,500,1,0,500,True,DBSCAN,50,0.5,True,,VDJdb,beta,2500,GIANA,12.2592031955719,137
36,124,RAKFKQLL,RAKFKQLL,1.0,1.0,4,127,20230719_125628,CPUs,4,['beta'],"['length', 'clustcr', 'hamming', 'GIANA', 'gliph2', 'ismart', 'tcrdist3']",True,500,1,0,500,True,DBSCAN,50,0.5,True,,VDJdb,beta,2500,GIANA,12.2592031955719,137
37,94,RAKFKQLL,KLGGALQAK,0.5,0.25,4,127,20230719_125628,CPUs,4,['beta'],"['length', 'clustcr', 'hamming', 'GIANA', 'gliph2', 'ismart', 'tcrdist3']",True,500,1,0,500,True,DBSCAN,50,0.5,True,,VDJdb,beta,2500,GIANA,12.2592031955719,137
38,112,RAKFKQLL,RAKFKQLL,1.0,1.0,4,127,20230719_125628,CPUs,4,['beta'],"['length', 'clustcr', 'hamming', 'GIANA', 'gliph2', 'ismart', 'tcrdist3']",True,500,1,0,500,True,DBSCAN,50,0.5,True,,VDJdb,beta,2500,GIANA,12.2592031955719,137
39,17,RAKFKQLL,RAKFKQLL,0.75,0.75,4,127,20230719_125628,CPUs,4,['beta'],"['length', 'clustcr', 'hamming', 'GIANA', 'gliph2', 'ismart', 'tcrdist3']",True,500,1,0,500,True,DBSCAN,50,0.5,True,,VDJdb,beta,2500,GIANA,12.2592031955719,137
40,116,GILGFVFTL,GILGFVFTL,1.0,1.0,4,127,20230719_125628,CPUs,4,['beta'],"['length', 'clustcr', 'hamming', 'GIANA', 'gliph2', 'ismart', 'tcrdist3']",True,500,1,0,500,True,DBSCAN,50,0.5,True,,VDJdb,beta,2500,GIANA,12.2592031955719,137
41,129,AVFDRKSDAK,AVFDRKSDAK,0.75,0.75,4,127,20230719_125628,CPUs,4,['beta'],"['length', 'clustcr', 'hamming', 'GIANA', 'gliph2', 'ismart', 'tcrdist3']",True,500,1,0,500,True,DBSCAN,50,0.5,True,,VDJdb,beta,2500,GIANA,12.2592031955719,137
42,96,RAKFKQLL,RAKFKQLL,1.0,1.0,3,127,20230719_125628,CPUs,4,['beta'],"['length', 'clustcr', 'hamming', 'GIANA', 'gliph2', 'ismart', 'tcrdist3']",True,500,1,0,500,True,DBSCAN,50,0.5,True,,VDJdb,beta,2500,GIANA,12.2592031955719,137
43,39,RAKFKQLL,RAKFKQLL,0.6666666666666666,0.6666666666666666,3,127,20230719_125628,CPUs,4,['beta'],"['length', 'clustcr', 'hamming', 'GIANA', 'gliph2', 'ismart', 'tcrdist3']",True,500,1,0,500,True,DBSCAN,50,0.5,True,,VDJdb,beta,2500,GIANA,12.2592031955719,137
44,105,RAKFKQLL,RAKFKQLL,1.0,1.0,3,127,20230719_125628,CPUs,4,['beta'],"['length', 'clustcr', 'hamming', 'GIANA', 'gliph2', 'ismart', 'tcrdist3']",True,500,1,0,500,True,DBSCAN,50,0.5,True,,VDJdb,beta,2500,GIANA,12.2592031955719,137
45,99,IVTDFSVIK,IVTDFSVIK,0.6666666666666666,0.6666666666666666,3,127,20230719_125628,CPUs,4,['beta'],"['length', 'clustcr', 'hamming', 'GIANA', 'gliph2', 'ismart', 'tcrdist3']",True,500,1,0,500,True,DBSCAN,50,0.5,True,,VDJdb,beta,2500,GIANA,12.2592031955719,137
46,8,GILGFVFTL,GILGFVFTL,0.6666666666666666,0.6666666666666666,3,127,20230719_125628,CPUs,4,['beta'],"['length', 'clustcr', 'hamming', 'GIANA', 'gliph2', 'ismart', 'tcrdist3']",True,500,1,0,500,True,DBSCAN,50,0.5,True,,VDJdb,beta,2500,GIANA,12.2592031955719,137
47,89,KLGGALQAK,KLGGALQAK,0.6666666666666666,0.6666666666666666,3,127,20230719_125628,CPUs,4,['beta'],"['length', 'clustcr', 'hamming', 'GIANA', 'gliph2', 'ismart', 'tcrdist3']",True,500,1,0,500,True,DBSCAN,50,0.5,True,,VDJdb,beta,2500,GIANA,12.2592031955719,137
48,110,RAKFKQLL,RAKFKQLL,0.6666666666666666,0.6666666666666666,3,127,20230719_125628,CPUs,4,['beta'],"['length', 'clustcr', 'hamming', 'GIANA', 'gliph2', 'ismart', 'tcrdist3']",True,500,1,0,500,True,DBSCAN,50,0.5,True,,VDJdb,beta,2500,GIANA,12.2592031955719,137
49,40,RAKFKQLL,AVFDRKSDAK,0.6666666666666666,0.3333333333333333,3,127,20230719_125628,CPUs,4,['beta'],"['length', 'clustcr', 'hamming', 'GIANA', 'gliph2', 'ismart', 'tcrdist3']",True,500,1,0,500,True,DBSCAN,50,0.5,True,,VDJdb,beta,2500,GIANA,12.2592031955719,137
50,54,IVTDFSVIK,IVTDFSVIK,1.0,1.0,3,127,20230719_125628,CPUs,4,['beta'],"['length', 'clustcr', 'hamming', 'GIANA', 'gliph2', 'ismart', 'tcrdist3']",True,500,1,0,500,True,DBSCAN,50,0.5,True,,VDJdb,beta,2500,GIANA,12.2592031955719,137
51,126,RAKFKQLL,RAKFKQLL,0.6666666666666666,0.6666666666666666,3,127,20230719_125628,CPUs,4,['beta'],"['length', 'clustcr', 'hamming', 'GIANA', 'gliph2', 'ismart', 'tcrdist3']",True,500,1,0,500,True,DBSCAN,50,0.5,True,,VDJdb,beta,2500,GIANA,12.2592031955719,137
52,42,IVTDFSVIK,IVTDFSVIK,1.0,1.0,3,127,20230719_125628,CPUs,4,['beta'],"['length', 'clustcr', 'hamming', 'GIANA', 'gliph2', 'ismart', 'tcrdist3']",True,500,1,0,500,True,DBSCAN,50,0.5,True,,VDJdb,beta,2500,GIANA,12.2592031955719,137
53,76,RAKFKQLL,RAKFKQLL,0.6666666666666666,0.6666666666666666,3,127,20230719_125628,CPUs,4,['beta'],"['length', 'clustcr', 'hamming', 'GIANA', 'gliph2', 'ismart', 'tcrdist3']",True,500,1,0,500,True,DBSCAN,50,0.5,True,,VDJdb,beta,2500,GIANA,12.2592031955719,137
54,11,RAKFKQLL,RAKFKQLL,0.6666666666666666,0.6666666666666666,3,127,20230719_125628,CPUs,4,['beta'],"['length', 'clustcr', 'hamming', 'GIANA', 'gliph2', 'ismart', 'tcrdist3']",True,500,1,0,500,True,DBSCAN,50,0.5,True,,VDJdb,beta,2500,GIANA,12.2592031955719,137
55,63,RAKFKQLL,RAKFKQLL,1.0,1.0,3,127,20230719_125628,CPUs,4,['beta'],"['length', 'clustcr', 'hamming', 'GIANA', 'gliph2', 'ismart', 'tcrdist3']",True,500,1,0,500,True,DBSCAN,50,0.5,True,,VDJdb,beta,2500,GIANA,12.2592031955719,137
56,32,GILGFVFTL,GILGFVFTL,1.0,1.0,3,127,20230719_125628,CPUs,4,['beta'],"['length', 'clustcr', 'hamming', 'GIANA', 'gliph2', 'ismart', 'tcrdist3']",True,500,1,0,500,True,DBSCAN,50,0.5,True,,VDJdb,beta,2500,GIANA,12.2592031955719,137
57,5,GILGFVFTL,GILGFVFTL,1.0,1.0,3,127,20230719_125628,CPUs,4,['beta'],"['length', 'clustcr', 'hamming', 'GIANA', 'gliph2', 'ismart', 'tcrdist3']",True,500,1,0,500,True,DBSCAN,50,0.5,True,,VDJdb,beta,2500,GIANA,12.2592031955719,137
58,88,RAKFKQLL,RAKFKQLL,1.0,1.0,3,127,20230719_125628,CPUs,4,['beta'],"['length', 'clustcr', 'hamming', 'GIANA', 'gliph2', 'ismart', 'tcrdist3']",True,500,1,0,500,True,DBSCAN,50,0.5,True,,VDJdb,beta,2500,GIANA,12.2592031955719,137
59,78,AVFDRKSDAK,AVFDRKSDAK,0.3333333333333333,0.3333333333333333,3,127,20230719_125628,CPUs,4,['beta'],"['length', 'clustcr', 'hamming', 'GIANA', 'gliph2', 'ismart', 'tcrdist3']",True,500,1,0,500,True,DBSCAN,50,0.5,True,,VDJdb,beta,2500,GIANA,12.2592031955719,137
60,125,GILGFVFTL,GILGFVFTL,0.6666666666666666,0.6666666666666666,3,127,20230719_125628,CPUs,4,['beta'],"['length', 'clustcr', 'hamming', 'GIANA', 'gliph2', 'ismart', 'tcrdist3']",True,500,1,0,500,True,DBSCAN,50,0.5,True,,VDJdb,beta,2500,GIANA,12.2592031955719,137
61,38,RAKFKQLL,RAKFKQLL,0.6666666666666666,0.6666666666666666,3,127,20230719_125628,CPUs,4,['beta'],"['length', 'clustcr', 'hamming', 'GIANA', 'gliph2', 'ismart', 'tcrdist3']",True,500,1,0,500,True,DBSCAN,50,0.5,True,,VDJdb,beta,2500,GIANA,12.2592031955719,137
62,117,GILGFVFTL,GILGFVFTL,1.0,1.0,3,127,20230719_125628,CPUs,4,['beta'],"['length', 'clustcr', 'hamming', 'GIANA', 'gliph2', 'ismart', 'tcrdist3']",True,500,1,0,500,True,DBSCAN,50,0.5,True,,VDJdb,beta,2500,GIANA,12.2592031955719,137
63,3,AVFDRKSDAK,KLGGALQAK,0.6666666666666666,0.3333333333333333,3,127,20230719_125628,CPUs,4,['beta'],"['length', 'clustcr', 'hamming', 'GIANA', 'gliph2', 'ismart', 'tcrdist3']",True,500,1,0,500,True,DBSCAN,50,0.5,True,,VDJdb,beta,2500,GIANA,12.2592031955719,137
64,137,RAKFKQLL,RAKFKQLL,1.0,1.0,2,127,20230719_125628,CPUs,4,['beta'],"['length', 'clustcr', 'hamming', 'GIANA', 'gliph2', 'ismart', 'tcrdist3']",True,500,1,0,500,True,DBSCAN,50,0.5,True,,VDJdb,beta,2500,GIANA,12.2592031955719,137
65,122,RAKFKQLL,RAKFKQLL,1.0,1.0,2,127,20230719_125628,CPUs,4,['beta'],"['length', 'clustcr', 'hamming', 'GIANA', 'gliph2', 'ismart', 'tcrdist3']",True,500,1,0,500,True,DBSCAN,50,0.5,True,,VDJdb,beta,2500,GIANA,12.2592031955719,137
66,134,IVTDFSVIK,KLGGALQAK,0.5,0.5,2,127,20230719_125628,CPUs,4,['beta'],"['length', 'clustcr', 'hamming', 'GIANA', 'gliph2', 'ismart', 'tcrdist3']",True,500,1,0,500,True,DBSCAN,50,0.5,True,,VDJdb,beta,2500,GIANA,12.2592031955719,137
67,136,RAKFKQLL,RAKFKQLL,1.0,1.0,2,127,20230719_125628,CPUs,4,['beta'],"['length', 'clustcr', 'hamming', 'GIANA', 'gliph2', 'ismart', 'tcrdist3']",True,500,1,0,500,True,DBSCAN,50,0.5,True,,VDJdb,beta,2500,GIANA,12.2592031955719,137
68,108,IVTDFSVIK,IVTDFSVIK,0.5,0.5,2,127,20230719_125628,CPUs,4,['beta'],"['length', 'clustcr', 'hamming', 'GIANA', 'gliph2', 'ismart', 'tcrdist3']",True,500,1,0,500,True,DBSCAN,50,0.5,True,,VDJdb,beta,2500,GIANA,12.2592031955719,137
69,53,RAKFKQLL,RAKFKQLL,1.0,1.0,2,127,20230719_125628,CPUs,4,['beta'],"['length', 'clustcr', 'hamming', 'GIANA', 'gliph2', 'ismart', 'tcrdist3']",True,500,1,0,500,True,DBSCAN,50,0.5,True,,VDJdb,beta,2500,GIANA,12.2592031955719,137
70,68,IVTDFSVIK,KLGGALQAK,0.5,0.5,2,127,20230719_125628,CPUs,4,['beta'],"['length', 'clustcr', 'hamming', 'GIANA', 'gliph2', 'ismart', 'tcrdist3']",True,500,1,0,500,True,DBSCAN,50,0.5,True,,VDJdb,beta,2500,GIANA,12.2592031955719,137
71,98,IVTDFSVIK,KLGGALQAK,0.5,0.5,2,127,20230719_125628,CPUs,4,['beta'],"['length', 'clustcr', 'hamming', 'GIANA', 'gliph2', 'ismart', 'tcrdist3']",True,500,1,0,500,True,DBSCAN,50,0.5,True,,VDJdb,beta,2500,GIANA,12.2592031955719,137
72,92,IVTDFSVIK,KLGGALQAK,0.5,0.5,2,127,20230719_125628,CPUs,4,['beta'],"['length', 'clustcr', 'hamming', 'GIANA', 'gliph2', 'ismart', 'tcrdist3']",True,500,1,0,500,True,DBSCAN,50,0.5,True,,VDJdb,beta,2500,GIANA,12.2592031955719,137
73,66,RAKFKQLL,RAKFKQLL,1.0,1.0,2,127,20230719_125628,CPUs,4,['beta'],"['length', 'clustcr', 'hamming', 'GIANA', 'gliph2', 'ismart', 'tcrdist3']",True,500,1,0,500,True,DBSCAN,50,0.5,True,,VDJdb,beta,2500,GIANA,12.2592031955719,137
74,19,RAKFKQLL,RAKFKQLL,1.0,1.0,2,127,20230719_125628,CPUs,4,['beta'],"['length', 'clustcr', 'hamming', 'GIANA', 'gliph2', 'ismart', 'tcrdist3']",True,500,1,0,500,True,DBSCAN,50,0.5,True,,VDJdb,beta,2500,GIANA,12.2592031955719,137
75,131,RAKFKQLL,RAKFKQLL,1.0,1.0,2,127,20230719_125628,CPUs,4,['beta'],"['length', 'clustcr', 'hamming', 'GIANA', 'gliph2', 'ismart', 'tcrdist3']",True,500,1,0,500,True,DBSCAN,50,0.5,True,,VDJdb,beta,2500,GIANA,12.2592031955719,137
76,74,RAKFKQLL,RAKFKQLL,1.0,1.0,2,127,20230719_125628,CPUs,4,['beta'],"['length', 'clustcr', 'hamming', 'GIANA', 'gliph2', 'ismart', 'tcrdist3']",True,500,1,0,500,True,DBSCAN,50,0.5,True,,VDJdb,beta,2500,GIANA,12.2592031955719,137
77,106,RAKFKQLL,RAKFKQLL,1.0,1.0,2,127,20230719_125628,CPUs,4,['beta'],"['length', 'clustcr', 'hamming', 'GIANA', 'gliph2', 'ismart', 'tcrdist3']",True,500,1,0,500,True,DBSCAN,50,0.5,True,,VDJdb,beta,2500,GIANA,12.2592031955719,137
78,27,IVTDFSVIK,KLGGALQAK,0.5,0.5,2,127,20230719_125628,CPUs,4,['beta'],"['length', 'clustcr', 'hamming', 'GIANA', 'gliph2', 'ismart', 'tcrdist3']",True,500,1,0,500,True,DBSCAN,50,0.5,True,,VDJdb,beta,2500,GIANA,12.2592031955719,137
79,31,RAKFKQLL,RAKFKQLL,1.0,1.0,2,127,20230719_125628,CPUs,4,['beta'],"['length', 'clustcr', 'hamming', 'GIANA', 'gliph2', 'ismart', 'tcrdist3']",True,500,1,0,500,True,DBSCAN,50,0.5,True,,VDJdb,beta,2500,GIANA,12.2592031955719,137
80,101,IVTDFSVIK,KLGGALQAK,0.5,0.5,2,127,20230719_125628,CPUs,4,['beta'],"['length', 'clustcr', 'hamming', 'GIANA', 'gliph2', 'ismart', 'tcrdist3']",True,500,1,0,500,True,DBSCAN,50,0.5,True,,VDJdb,beta,2500,GIANA,12.2592031955719,137
81,130,IVTDFSVIK,IVTDFSVIK,0.5,0.5,2,127,20230719_125628,CPUs,4,['beta'],"['length', 'clustcr', 'hamming', 'GIANA', 'gliph2', 'ismart', 'tcrdist3']",True,500,1,0,500,True,DBSCAN,50,0.5,True,,VDJdb,beta,2500,GIANA,12.2592031955719,137
82,75,RAKFKQLL,RAKFKQLL,1.0,1.0,2,127,20230719_125628,CPUs,4,['beta'],"['length', 'clustcr', 'hamming', 'GIANA', 'gliph2', 'ismart', 'tcrdist3']",True,500,1,0,500,True,DBSCAN,50,0.5,True,,VDJdb,beta,2500,GIANA,12.2592031955719,137
83,72,KLGGALQAK,KLGGALQAK,0.5,0.5,2,127,20230719_125628,CPUs,4,['beta'],"['length', 'clustcr', 'hamming', 'GIANA', 'gliph2', 'ismart', 'tcrdist3']",True,500,1,0,500,True,DBSCAN,50,0.5,True,,VDJdb,beta,2500,GIANA,12.2592031955719,137
84,133,KLGGALQAK,KLGGALQAK,1.0,1.0,2,127,20230719_125628,CPUs,4,['beta'],"['length', 'clustcr', 'hamming', 'GIANA', 'gliph2', 'ismart', 'tcrdist3']",True,500,1,0,500,True,DBSCAN,50,0.5,True,,VDJdb,beta,2500,GIANA,12.2592031955719,137
85,45,KLGGALQAK,KLGGALQAK,0.5,0.5,2,127,20230719_125628,CPUs,4,['beta'],"['length', 'clustcr', 'hamming', 'GIANA', 'gliph2', 'ismart', 'tcrdist3']",True,500,1,0,500,True,DBSCAN,50,0.5,True,,VDJdb,beta,2500,GIANA,12.2592031955719,137
86,47,RAKFKQLL,RAKFKQLL,1.0,1.0,2,127,20230719_125628,CPUs,4,['beta'],"['length', 'clustcr', 'hamming', 'GIANA', 'gliph2', 'ismart', 'tcrdist3']",True,500,1,0,500,True,DBSCAN,50,0.5,True,,VDJdb,beta,2500,GIANA,12.2592031955719,137
87,43,RAKFKQLL,RAKFKQLL,1.0,1.0,2,127,20230719_125628,CPUs,4,['beta'],"['length', 'clustcr', 'hamming', 'GIANA', 'gliph2', 'ismart', 'tcrdist3']",True,500,1,0,500,True,DBSCAN,50,0.5,True,,VDJdb,beta,2500,GIANA,12.2592031955719,137
88,71,RAKFKQLL,RAKFKQLL,1.0,1.0,2,127,20230719_125628,CPUs,4,['beta'],"['length', 'clustcr', 'hamming', 'GIANA', 'gliph2', 'ismart', 'tcrdist3']",True,500,1,0,500,True,DBSCAN,50,0.5,True,,VDJdb,beta,2500,GIANA,12.2592031955719,137
89,70,AVFDRKSDAK,AVFDRKSDAK,0.5,0.5,2,127,20230719_125628,CPUs,4,['beta'],"['length', 'clustcr', 'hamming', 'GIANA', 'gliph2', 'ismart', 'tcrdist3']",True,500,1,0,500,True,DBSCAN,50,0.5,True,,VDJdb,beta,2500,GIANA,12.2592031955719,137
90,1,IVTDFSVIK,IVTDFSVIK,1.0,1.0,2,127,20230719_125628,CPUs,4,['beta'],"['length', 'clustcr', 'hamming', 'GIANA', 'gliph2', 'ismart', 'tcrdist3']",True,500,1,0,500,True,DBSCAN,50,0.5,True,,VDJdb,beta,2500,GIANA,12.2592031955719,137
91,119,GILGFVFTL,GILGFVFTL,1.0,1.0,2,127,20230719_125628,CPUs,4,['beta'],"['length', 'clustcr', 'hamming', 'GIANA', 'gliph2', 'ismart', 'tcrdist3']",True,500,1,0,500,True,DBSCAN,50,0.5,True,,VDJdb,beta,2500,GIANA,12.2592031955719,137
92,90,AVFDRKSDAK,AVFDRKSDAK,1.0,1.0,2,127,20230719_125628,CPUs,4,['beta'],"['length', 'clustcr', 'hamming', 'GIANA', 'gliph2', 'ismart', 'tcrdist3']",True,500,1,0,500,True,DBSCAN,50,0.5,True,,VDJdb,beta,2500,GIANA,12.2592031955719,137
93,64,AVFDRKSDAK,AVFDRKSDAK,0.5,0.5,2,127,20230719_125628,CPUs,4,['beta'],"['length', 'clustcr', 'hamming', 'GIANA', 'gliph2', 'ismart', 'tcrdist3']",True,500,1,0,500,True,DBSCAN,50,0.5,True,,VDJdb,beta,2500,GIANA,12.2592031955719,137
94,52,AVFDRKSDAK,AVFDRKSDAK,1.0,1.0,2,127,20230719_125628,CPUs,4,['beta'],"['length', 'clustcr', 'hamming', 'GIANA', 'gliph2', 'ismart', 'tcrdist3']",True,500,1,0,500,True,DBSCAN,50,0.5,True,,VDJdb,beta,2500,GIANA,12.2592031955719,137
95,123,GILGFVFTL,RAKFKQLL,0.5,0.5,2,127,20230719_125628,CPUs,4,['beta'],"['length', 'clustcr', 'hamming', 'GIANA', 'gliph2', 'ismart', 'tcrdist3']",True,500,1,0,500,True,DBSCAN,50,0.5,True,,VDJdb,beta,2500,GIANA,12.2592031955719,137
96,84,GILGFVFTL,IVTDFSVIK,0.5,0.5,2,127,20230719_125628,CPUs,4,['beta'],"['length', 'clustcr', 'hamming', 'GIANA', 'gliph2', 'ismart', 'tcrdist3']",True,500,1,0,500,True,DBSCAN,50,0.5,True,,VDJdb,beta,2500,GIANA,12.2592031955719,137
97,20,GILGFVFTL,GILGFVFTL,1.0,1.0,2,127,20230719_125628,CPUs,4,['beta'],"['length', 'clustcr', 'hamming', 'GIANA', 'gliph2', 'ismart', 'tcrdist3']",True,500,1,0,500,True,DBSCAN,50,0.5,True,,VDJdb,beta,2500,GIANA,12.2592031955719,137
98,28,GILGFVFTL,GILGFVFTL,1.0,1.0,2,127,20230719_125628,CPUs,4,['beta'],"['length', 'clustcr', 'hamming', 'GIANA', 'gliph2', 'ismart', 'tcrdist3']",True,500,1,0,500,True,DBSCAN,50,0.5,True,,VDJdb,beta,2500,GIANA,12.2592031955719,137
99,107,GILGFVFTL,RAKFKQLL,0.5,0.5,2,127,20230719_125628,CPUs,4,['beta'],"['length', 'clustcr', 'hamming', 'GIANA', 'gliph2', 'ismart', 'tcrdist3']",True,500,1,0,500,True,DBSCAN,50,0.5,True,,VDJdb,beta,2500,GIANA,12.2592031955719,137
100,46,GILGFVFTL,RAKFKQLL,0.5,0.5,2,127,20230719_125628,CPUs,4,['beta'],"['length', 'clustcr', 'hamming', 'GIANA', 'gliph2', 'ismart', 'tcrdist3']",True,500,1,0,500,True,DBSCAN,50,0.5,True,,VDJdb,beta,2500,GIANA,12.2592031955719,137
101,13,GILGFVFTL,GILGFVFTL,1.0,1.0,2,127,20230719_125628,CPUs,4,['beta'],"['length', 'clustcr', 'hamming', 'GIANA', 'gliph2', 'ismart', 'tcrdist3']",True,500,1,0,500,True,DBSCAN,50,0.5,True,,VDJdb,beta,2500,GIANA,12.2592031955719,137
102,14,AVFDRKSDAK,AVFDRKSDAK,1.0,1.0,2,127,20230719_125628,CPUs,4,['beta'],"['length', 'clustcr', 'hamming', 'GIANA', 'gliph2', 'ismart', 'tcrdist3']",True,500,1,0,500,True,DBSCAN,50,0.5,True,,VDJdb,beta,2500,GIANA,12.2592031955719,137
103,4,GILGFVFTL,IVTDFSVIK,0.5,0.5,2,127,20230719_125628,CPUs,4,['beta'],"['length', 'clustcr', 'hamming', 'GIANA', 'gliph2', 'ismart', 'tcrdist3']",True,500,1,0,500,True,DBSCAN,50,0.5,True,,VDJdb,beta,2500,GIANA,12.2592031955719,137
104,102,GILGFVFTL,GILGFVFTL,1.0,1.0,2,127,20230719_125628,CPUs,4,['beta'],"['length', 'clustcr', 'hamming', 'GIANA', 'gliph2', 'ismart', 'tcrdist3']",True,500,1,0,500,True,DBSCAN,50,0.5,True,,VDJdb,beta,2500,GIANA,12.2592031955719,137
105,29,GILGFVFTL,GILGFVFTL,1.0,1.0,2,127,20230719_125628,CPUs,4,['beta'],"['length', 'clustcr', 'hamming', 'GIANA', 'gliph2', 'ismart', 'tcrdist3']",True,500,1,0,500,True,DBSCAN,50,0.5,True,,VDJdb,beta,2500,GIANA,12.2592031955719,137
106,44,GILGFVFTL,IVTDFSVIK,0.5,0.5,2,127,20230719_125628,CPUs,4,['beta'],"['length', 'clustcr', 'hamming', 'GIANA', 'gliph2', 'ismart', 'tcrdist3']",True,500,1,0,500,True,DBSCAN,50,0.5,True,,VDJdb,beta,2500,GIANA,12.2592031955719,137
107,25,GILGFVFTL,RAKFKQLL,0.5,0.5,2,127,20230719_125628,CPUs,4,['beta'],"['length', 'clustcr', 'hamming', 'GIANA', 'gliph2', 'ismart', 'tcrdist3']",True,500,1,0,500,True,DBSCAN,50,0.5,True,,VDJdb,beta,2500,GIANA,12.2592031955719,137
108,26,GILGFVFTL,GILGFVFTL,1.0,1.0,2,127,20230719_125628,CPUs,4,['beta'],"['length', 'clustcr', 'hamming', 'GIANA', 'gliph2', 'ismart', 'tcrdist3']",True,500,1,0,500,True,DBSCAN,50,0.5,True,,VDJdb,beta,2500,GIANA,12.2592031955719,137
109,22,GILGFVFTL,GILGFVFTL,1.0,1.0,2,127,20230719_125628,CPUs,4,['beta'],"['length', 'clustcr', 'hamming', 'GIANA', 'gliph2', 'ismart', 'tcrdist3']",True,500,1,0,500,True,DBSCAN,50,0.5,True,,VDJdb,beta,2500,GIANA,12.2592031955719,137
110,59,GILGFVFTL,IVTDFSVIK,0.5,0.5,2,127,20230719_125628,CPUs,4,['beta'],"['length', 'clustcr', 'hamming', 'GIANA', 'gliph2', 'ismart', 'tcrdist3']",True,500,1,0,500,True,DBSCAN,50,0.5,True,,VDJdb,beta,2500,GIANA,12.2592031955719,137
111,24,GILGFVFTL,GILGFVFTL,1.0,1.0,2,127,20230719_125628,CPUs,4,['beta'],"['length', 'clustcr', 'hamming', 'GIANA', 'gliph2', 'ismart', 'tcrdist3']",True,500,1,0,500,True,DBSCAN,50,0.5,True,,VDJdb,beta,2500,GIANA,12.2592031955719,137
112,111,AVFDRKSDAK,AVFDRKSDAK,1.0,1.0,2,127,20230719_125628,CPUs,4,['beta'],"['length', 'clustcr', 'hamming', 'GIANA', 'gliph2', 'ismart', 'tcrdist3']",True,500,1,0,500,True,DBSCAN,50,0.5,True,,VDJdb,beta,2500,GIANA,12.2592031955719,137
113,95,AVFDRKSDAK,AVFDRKSDAK,0.5,0.5,2,127,20230719_125628,CPUs,4,['beta'],"['length', 'clustcr', 'hamming', 'GIANA', 'gliph2', 'ismart', 'tcrdist3']",True,500,1,0,500,True,DBSCAN,50,0.5,True,,VDJdb,beta,2500,GIANA,12.2592031955719,137
114,135,IVTDFSVIK,IVTDFSVIK,0.5,0.5,2,127,20230719_125628,CPUs,4,['beta'],"['length', 'clustcr', 'hamming', 'GIANA', 'gliph2', 'ismart', 'tcrdist3']",True,500,1,0,500,True,DBSCAN,50,0.5,True,,VDJdb,beta,2500,GIANA,12.2592031955719,137
115,79,AVFDRKSDAK,AVFDRKSDAK,0.5,0.5,2,127,20230719_125628,CPUs,4,['beta'],"['length', 'clustcr', 'hamming', 'GIANA', 'gliph2', 'ismart', 'tcrdist3']",True,500,1,0,500,True,DBSCAN,50,0.5,True,,VDJdb,beta,2500,GIANA,12.2592031955719,137
116,69,IVTDFSVIK,IVTDFSVIK,0.5,0.5,2,127,20230719_125628,CPUs,4,['beta'],"['length', 'clustcr', 'hamming', 'GIANA', 'gliph2', 'ismart', 'tcrdist3']",True,500,1,0,500,True,DBSCAN,50,0.5,True,,VDJdb,beta,2500,GIANA,12.2592031955719,137
117,120,IVTDFSVIK,IVTDFSVIK,1.0,1.0,2,127,20230719_125628,CPUs,4,['beta'],"['length', 'clustcr', 'hamming', 'GIANA', 'gliph2', 'ismart', 'tcrdist3']",True,500,1,0,500,True,DBSCAN,50,0.5,True,,VDJdb,beta,2500,GIANA,12.2592031955719,137
118,56,IVTDFSVIK,IVTDFSVIK,1.0,1.0,2,127,20230719_125628,CPUs,4,['beta'],"['length', 'clustcr', 'hamming', 'GIANA', 'gliph2', 'ismart', 'tcrdist3']",True,500,1,0,500,True,DBSCAN,50,0.5,True,,VDJdb,beta,2500,GIANA,12.2592031955719,137
119,132,AVFDRKSDAK,AVFDRKSDAK,0.5,0.5,2,127,20230719_125628,CPUs,4,['beta'],"['length', 'clustcr', 'hamming', 'GIANA', 'gliph2', 'ismart', 'tcrdist3']",True,500,1,0,500,True,DBSCAN,50,0.5,True,,VDJdb,beta,2500,GIANA,12.2592031955719,137
120,6,AVFDRKSDAK,AVFDRKSDAK,0.5,0.5,2,127,20230719_125628,CPUs,4,['beta'],"['length', 'clustcr', 'hamming', 'GIANA', 'gliph2', 'ismart', 'tcrdist3']",True,500,1,0,500,True,DBSCAN,50,0.5,True,,VDJdb,beta,2500,GIANA,12.2592031955719,137
121,65,AVFDRKSDAK,KLGGALQAK,0.5,0.5,2,127,20230719_125628,CPUs,4,['beta'],"['length', 'clustcr', 'hamming', 'GIANA', 'gliph2', 'ismart', 'tcrdist3']",True,500,1,0,500,True,DBSCAN,50,0.5,True,,VDJdb,beta,2500,GIANA,12.2592031955719,137
122,48,AVFDRKSDAK,AVFDRKSDAK,1.0,1.0,2,127,20230719_125628,CPUs,4,['beta'],"['length', 'clustcr', 'hamming', 'GIANA', 'gliph2', 'ismart', 'tcrdist3']",True,500,1,0,500,True,DBSCAN,50,0.5,True,,VDJdb,beta,2500,GIANA,12.2592031955719,137
123,128,AVFDRKSDAK,AVFDRKSDAK,1.0,1.0,2,127,20230719_125628,CPUs,4,['beta'],"['length', 'clustcr', 'hamming', 'GIANA', 'gliph2', 'ismart', 'tcrdist3']",True,500,1,0,500,True,DBSCAN,50,0.5,True,,VDJdb,beta,2500,GIANA,12.2592031955719,137
124,109,AVFDRKSDAK,KLGGALQAK,0.5,0.5,2,127,20230719_125628,CPUs,4,['beta'],"['length', 'clustcr', 'hamming', 'GIANA', 'gliph2', 'ismart', 'tcrdist3']",True,500,1,0,500,True,DBSCAN,50,0.5,True,,VDJdb,beta,2500,GIANA,12.2592031955719,137
125,97,AVFDRKSDAK,AVFDRKSDAK,0.5,0.5,2,127,20230719_125628,CPUs,4,['beta'],"['length', 'clustcr', 'hamming', 'GIANA', 'gliph2', 'ismart', 'tcrdist3']",True,500,1,0,500,True,DBSCAN,50,0.5,True,,VDJdb,beta,2500,GIANA,12.2592031955719,137
126,60,AVFDRKSDAK,AVFDRKSDAK,0.5,0.5,2,127,20230719_125628,CPUs,4,['beta'],"['length', 'clustcr', 'hamming', 'GIANA', 'gliph2', 'ismart', 'tcrdist3']",True,500,1,0,500,True,DBSCAN,50,0.5,True,,VDJdb,beta,2500,GIANA,12.2592031955719,137
127,21,AVFDRKSDAK,AVFDRKSDAK,0.5,0.5,2,127,20230719_125628,CPUs,4,['beta'],"['length', 'clustcr', 'hamming', 'GIANA', 'gliph2', 'ismart', 'tcrdist3']",True,500,1,0,500,True,DBSCAN,50,0.5,True,,VDJdb,beta,2500,GIANA,12.2592031955719,137
128,91,AVFDRKSDAK,AVFDRKSDAK,0.5,0.5,2,127,20230719_125628,CPUs,4,['beta'],"['length', 'clustcr', 'hamming', 'GIANA', 'gliph2', 'ismart', 'tcrdist3']",True,500,1,0,500,True,DBSCAN,50,0.5,True,,VDJdb,beta,2500,GIANA,12.2592031955719,137
129,61,AVFDRKSDAK,AVFDRKSDAK,0.5,0.5,2,127,20230719_125628,CPUs,4,['beta'],"['length', 'clustcr', 'hamming', 'GIANA', 'gliph2', 'ismart', 'tcrdist3']",True,500,1,0,500,True,DBSCAN,50,0.5,True,,VDJdb,beta,2500,GIANA,12.2592031955719,137
130,93,AVFDRKSDAK,AVFDRKSDAK,0.5,0.5,2,127,20230719_125628,CPUs,4,['beta'],"['length', 'clustcr', 'hamming', 'GIANA', 'gliph2', 'ismart', 'tcrdist3']",True,500,1,0,500,True,DBSCAN,50,0.5,True,,VDJdb,beta,2500,GIANA,12.2592031955719,137
131,7,AVFDRKSDAK,KLGGALQAK,0.5,0.5,2,127,20230719_125628,CPUs,4,['beta'],"['length', 'clustcr', 'hamming', 'GIANA', 'gliph2', 'ismart', 'tcrdist3']",True,500,1,0,500,True,DBSCAN,50,0.5,True,,VDJdb,beta,2500,GIANA,12.2592031955719,137
132,23,AVFDRKSDAK,KLGGALQAK,0.5,0.5,2,127,20230719_125628,CPUs,4,['beta'],"['length', 'clustcr', 'hamming', 'GIANA', 'gliph2', 'ismart', 'tcrdist3']",True,500,1,0,500,True,DBSCAN,50,0.5,True,,VDJdb,beta,2500,GIANA,12.2592031955719,137
133,41,AVFDRKSDAK,KLGGALQAK,0.5,0.5,2,127,20230719_125628,CPUs,4,['beta'],"['length', 'clustcr', 'hamming', 'GIANA', 'gliph2', 'ismart', 'tcrdist3']",True,500,1,0,500,True,DBSCAN,50,0.5,True,,VDJdb,beta,2500,GIANA,12.2592031955719,137
134,12,AVFDRKSDAK,AVFDRKSDAK,0.5,0.5,2,127,20230719_125628,CPUs,4,['beta'],"['length', 'clustcr', 'hamming', 'GIANA', 'gliph2', 'ismart', 'tcrdist3']",True,500,1,0,500,True,DBSCAN,50,0.5,True,,VDJdb,beta,2500,GIANA,12.2592031955719,137
135,55,AVFDRKSDAK,KLGGALQAK,0.5,0.5,2,127,20230719_125628,CPUs,4,['beta'],"['length', 'clustcr', 'hamming', 'GIANA', 'gliph2', 'ismart', 'tcrdist3']",True,500,1,0,500,True,DBSCAN,50,0.5,True,,VDJdb,beta,2500,GIANA,12.2592031955719,137
136,77,RAKFKQLL,RAKFKQLL,1.0,1.0,2,127,20230719_125628,CPUs,4,['beta'],"['length', 'clustcr', 'hamming', 'GIANA', 'gliph2', 'ismart', 'tcrdist3']",True,500,1,0,500,True,DBSCAN,50,0.5,True,,VDJdb,beta,2500,GIANA,12.2592031955719,137
0,4,KLGGALQAK,KLGGALQAK,0.234,0.234,500,0,20230719_125628,CPUs,4,['beta'],"['length', 'clustcr', 'hamming', 'GIANA', 'gliph2', 'ismart', 'tcrdist3']",True,500,1,0,500,True,DBSCAN,50,0.5,True,,VDJdb,beta,2500,random,0.0014736652374267578,5
1,2,GILGFVFTL,GILGFVFTL,0.232,0.232,500,0,20230719_125628,CPUs,4,['beta'],"['length', 'clustcr', 'hamming', 'GIANA', 'gliph2', 'ismart', 'tcrdist3']",True,500,1,0,500,True,DBSCAN,50,0.5,True,,VDJdb,beta,2500,random,0.0014736652374267578,5
2,0,GILGFVFTL,GILGFVFTL,0.222,0.222,500,0,20230719_125628,CPUs,4,['beta'],"['length', 'clustcr', 'hamming', 'GIANA', 'gliph2', 'ismart', 'tcrdist3']",True,500,1,0,500,True,DBSCAN,50,0.5,True,,VDJdb,beta,2500,random,0.0014736652374267578,5
3,3,AVFDRKSDAK,AVFDRKSDAK,0.24,0.24,500,0,20230719_125628,CPUs,4,['beta'],"['length', 'clustcr', 'hamming', 'GIANA', 'gliph2', 'ismart', 'tcrdist3']",True,500,1,0,500,True,DBSCAN,50,0.5,True,,VDJdb,beta,2500,random,0.0014736652374267578,5
4,1,KLGGALQAK,KLGGALQAK,0.218,0.218,500,0,20230719_125628,CPUs,4,['beta'],"['length', 'clustcr', 'hamming', 'GIANA', 'gliph2', 'ismart', 'tcrdist3']",True,500,1,0,500,True,DBSCAN,50,0.5,True,,VDJdb,beta,2500,random,0.0014736652374267578,5
0,0.0,GILGFVFTL,GILGFVFTL,0.9080459770114943,0.9080459770114943,87,80,20230719_125628,CPUs,4,['beta'],"['length', 'clustcr', 'hamming', 'GIANA', 'gliph2', 'ismart', 'tcrdist3']",True,500,1,0,500,True,DBSCAN,50,0.5,True,,VDJdb,beta,2500,gliph2,7.351670265197754,85
1,138.0,RAKFKQLL,RAKFKQLL,0.8548387096774194,0.8548387096774194,62,80,20230719_125628,CPUs,4,['beta'],"['length', 'clustcr', 'hamming', 'GIANA', 'gliph2', 'ismart', 'tcrdist3']",True,500,1,0,500,True,DBSCAN,50,0.5,True,,VDJdb,beta,2500,gliph2,7.351670265197754,85
2,2.0,GILGFVFTL,GILGFVFTL,1.0,1.0,29,80,20230719_125628,CPUs,4,['beta'],"['length', 'clustcr', 'hamming', 'GIANA', 'gliph2', 'ismart', 'tcrdist3']",True,500,1,0,500,True,DBSCAN,50,0.5,True,,VDJdb,beta,2500,gliph2,7.351670265197754,85
3,4.0,GILGFVFTL,GILGFVFTL,1.0,1.0,14,80,20230719_125628,CPUs,4,['beta'],"['length', 'clustcr', 'hamming', 'GIANA', 'gliph2', 'ismart', 'tcrdist3']",True,500,1,0,500,True,DBSCAN,50,0.5,True,,VDJdb,beta,2500,gliph2,7.351670265197754,85
4,3.0,GILGFVFTL,GILGFVFTL,1.0,1.0,14,80,20230719_125628,CPUs,4,['beta'],"['length', 'clustcr', 'hamming', 'GIANA', 'gliph2', 'ismart', 'tcrdist3']",True,500,1,0,500,True,DBSCAN,50,0.5,True,,VDJdb,beta,2500,gliph2,7.351670265197754,85
5,5.0,GILGFVFTL,GILGFVFTL,1.0,1.0,10,80,20230719_125628,CPUs,4,['beta'],"['length', 'clustcr', 'hamming', 'GIANA', 'gliph2', 'ismart', 'tcrdist3']",True,500,1,0,500,True,DBSCAN,50,0.5,True,,VDJdb,beta,2500,gliph2,7.351670265197754,85
6,12.0,GILGFVFTL,GILGFVFTL,1.0,1.0,10,80,20230719_125628,CPUs,4,['beta'],"['length', 'clustcr', 'hamming', 'GIANA', 'gliph2', 'ismart', 'tcrdist3']",True,500,1,0,500,True,DBSCAN,50,0.5,True,,VDJdb,beta,2500,gliph2,7.351670265197754,85
7,6.0,GILGFVFTL,AVFDRKSDAK,0.9,0.1,10,80,20230719_125628,CPUs,4,['beta'],"['length', 'clustcr', 'hamming', 'GIANA', 'gliph2', 'ismart', 'tcrdist3']",True,500,1,0,500,True,DBSCAN,50,0.5,True,,VDJdb,beta,2500,gliph2,7.351670265197754,85
8,7.0,GILGFVFTL,GILGFVFTL,1.0,1.0,10,80,20230719_125628,CPUs,4,['beta'],"['length', 'clustcr', 'hamming', 'GIANA', 'gliph2', 'ismart', 'tcrdist3']",True,500,1,0,500,True,DBSCAN,50,0.5,True,,VDJdb,beta,2500,gliph2,7.351670265197754,85
9,13.0,GILGFVFTL,GILGFVFTL,1.0,1.0,9,80,20230719_125628,CPUs,4,['beta'],"['length', 'clustcr', 'hamming', 'GIANA', 'gliph2', 'ismart', 'tcrdist3']",True,500,1,0,500,True,DBSCAN,50,0.5,True,,VDJdb,beta,2500,gliph2,7.351670265197754,85
10,8.0,GILGFVFTL,KLGGALQAK,0.875,0.125,8,80,20230719_125628,CPUs,4,['beta'],"['length', 'clustcr', 'hamming', 'GIANA', 'gliph2', 'ismart', 'tcrdist3']",True,500,1,0,500,True,DBSCAN,50,0.5,True,,VDJdb,beta,2500,gliph2,7.351670265197754,85
11,28.0,GILGFVFTL,GILGFVFTL,1.0,1.0,7,80,20230719_125628,CPUs,4,['beta'],"['length', 'clustcr', 'hamming', 'GIANA', 'gliph2', 'ismart', 'tcrdist3']",True,500,1,0,500,True,DBSCAN,50,0.5,True,,VDJdb,beta,2500,gliph2,7.351670265197754,85
12,25.0,GILGFVFTL,GILGFVFTL,1.0,1.0,7,80,20230719_125628,CPUs,4,['beta'],"['length', 'clustcr', 'hamming', 'GIANA', 'gliph2', 'ismart', 'tcrdist3']",True,500,1,0,500,True,DBSCAN,50,0.5,True,,VDJdb,beta,2500,gliph2,7.351670265197754,85
13,1.0,GILGFVFTL,GILGFVFTL,1.0,1.0,6,80,20230719_125628,CPUs,4,['beta'],"['length', 'clustcr', 'hamming', 'GIANA', 'gliph2', 'ismart', 'tcrdist3']",True,500,1,0,500,True,DBSCAN,50,0.5,True,,VDJdb,beta,2500,gliph2,7.351670265197754,85
14,14.0,GILGFVFTL,GILGFVFTL,1.0,1.0,6,80,20230719_125628,CPUs,4,['beta'],"['length', 'clustcr', 'hamming', 'GIANA', 'gliph2', 'ismart', 'tcrdist3']",True,500,1,0,500,True,DBSCAN,50,0.5,True,,VDJdb,beta,2500,gliph2,7.351670265197754,85
15,22.0,AVFDRKSDAK,AVFDRKSDAK,0.5,0.5,4,80,20230719_125628,CPUs,4,['beta'],"['length', 'clustcr', 'hamming', 'GIANA', 'gliph2', 'ismart', 'tcrdist3']",True,500,1,0,500,True,DBSCAN,50,0.5,True,,VDJdb,beta,2500,gliph2,7.351670265197754,85
16,117.0,RAKFKQLL,KLGGALQAK,0.5,0.25,4,80,20230719_125628,CPUs,4,['beta'],"['length', 'clustcr', 'hamming', 'GIANA', 'gliph2', 'ismart', 'tcrdist3']",True,500,1,0,500,True,DBSCAN,50,0.5,True,,VDJdb,beta,2500,gliph2,7.351670265197754,85
17,59.0,RAKFKQLL,KLGGALQAK,0.75,0.25,4,80,20230719_125628,CPUs,4,['beta'],"['length', 'clustcr', 'hamming', 'GIANA', 'gliph2', 'ismart', 'tcrdist3']",True,500,1,0,500,True,DBSCAN,50,0.5,True,,VDJdb,beta,2500,gliph2,7.351670265197754,85
18,23.0,GILGFVFTL,GILGFVFTL,1.0,1.0,4,80,20230719_125628,CPUs,4,['beta'],"['length', 'clustcr', 'hamming', 'GIANA', 'gliph2', 'ismart', 'tcrdist3']",True,500,1,0,500,True,DBSCAN,50,0.5,True,,VDJdb,beta,2500,gliph2,7.351670265197754,85
19,141.0,RAKFKQLL,RAKFKQLL,1.0,1.0,4,80,20230719_125628,CPUs,4,['beta'],"['length', 'clustcr', 'hamming', 'GIANA', 'gliph2', 'ismart', 'tcrdist3']",True,500,1,0,500,True,DBSCAN,50,0.5,True,,VDJdb,beta,2500,gliph2,7.351670265197754,85
20,125.0,RAKFKQLL,RAKFKQLL,1.0,1.0,4,80,20230719_125628,CPUs,4,['beta'],"['length', 'clustcr', 'hamming', 'GIANA', 'gliph2', 'ismart', 'tcrdist3']",True,500,1,0,500,True,DBSCAN,50,0.5,True,,VDJdb,beta,2500,gliph2,7.351670265197754,85
21,11.0,GILGFVFTL,GILGFVFTL,1.0,1.0,4,80,20230719_125628,CPUs,4,['beta'],"['length', 'clustcr', 'hamming', 'GIANA', 'gliph2', 'ismart', 'tcrdist3']",True,500,1,0,500,True,DBSCAN,50,0.5,True,,VDJdb,beta,2500,gliph2,7.351670265197754,85
22,30.0,GILGFVFTL,IVTDFSVIK,0.75,0.25,4,80,20230719_125628,CPUs,4,['beta'],"['length', 'clustcr', 'hamming', 'GIANA', 'gliph2', 'ismart', 'tcrdist3']",True,500,1,0,500,True,DBSCAN,50,0.5,True,,VDJdb,beta,2500,gliph2,7.351670265197754,85
23,15.0,GILGFVFTL,GILGFVFTL,1.0,1.0,3,80,20230719_125628,CPUs,4,['beta'],"['length', 'clustcr', 'hamming', 'GIANA', 'gliph2', 'ismart', 'tcrdist3']",True,500,1,0,500,True,DBSCAN,50,0.5,True,,VDJdb,beta,2500,gliph2,7.351670265197754,85
24,74.0,GILGFVFTL,GILGFVFTL,1.0,1.0,3,80,20230719_125628,CPUs,4,['beta'],"['length', 'clustcr', 'hamming', 'GIANA', 'gliph2', 'ismart', 'tcrdist3']",True,500,1,0,500,True,DBSCAN,50,0.5,True,,VDJdb,beta,2500,gliph2,7.351670265197754,85
25,67.0,GILGFVFTL,GILGFVFTL,1.0,1.0,3,80,20230719_125628,CPUs,4,['beta'],"['length', 'clustcr', 'hamming', 'GIANA', 'gliph2', 'ismart', 'tcrdist3']",True,500,1,0,500,True,DBSCAN,50,0.5,True,,VDJdb,beta,2500,gliph2,7.351670265197754,85
26,136.0,RAKFKQLL,RAKFKQLL,0.6666666666666666,0.6666666666666666,3,80,20230719_125628,CPUs,4,['beta'],"['length', 'clustcr', 'hamming', 'GIANA', 'gliph2', 'ismart', 'tcrdist3']",True,500,1,0,500,True,DBSCAN,50,0.5,True,,VDJdb,beta,2500,gliph2,7.351670265197754,85
27,26.0,GILGFVFTL,GILGFVFTL,1.0,1.0,3,80,20230719_125628,CPUs,4,['beta'],"['length', 'clustcr', 'hamming', 'GIANA', 'gliph2', 'ismart', 'tcrdist3']",True,500,1,0,500,True,DBSCAN,50,0.5,True,,VDJdb,beta,2500,gliph2,7.351670265197754,85
28,162.0,AVFDRKSDAK,KLGGALQAK,0.3333333333333333,0.3333333333333333,3,80,20230719_125628,CPUs,4,['beta'],"['length', 'clustcr', 'hamming', 'GIANA', 'gliph2', 'ismart', 'tcrdist3']",True,500,1,0,500,True,DBSCAN,50,0.5,True,,VDJdb,beta,2500,gliph2,7.351670265197754,85
29,57.0,IVTDFSVIK,KLGGALQAK,0.5,0.5,2,80,20230719_125628,CPUs,4,['beta'],"['length', 'clustcr', 'hamming', 'GIANA', 'gliph2', 'ismart', 'tcrdist3']",True,500,1,0,500,True,DBSCAN,50,0.5,True,,VDJdb,beta,2500,gliph2,7.351670265197754,85
30,118.0,IVTDFSVIK,KLGGALQAK,0.5,0.5,2,80,20230719_125628,CPUs,4,['beta'],"['length', 'clustcr', 'hamming', 'GIANA', 'gliph2', 'ismart', 'tcrdist3']",True,500,1,0,500,True,DBSCAN,50,0.5,True,,VDJdb,beta,2500,gliph2,7.351670265197754,85
31,163.0,IVTDFSVIK,KLGGALQAK,0.5,0.5,2,80,20230719_125628,CPUs,4,['beta'],"['length', 'clustcr', 'hamming', 'GIANA', 'gliph2', 'ismart', 'tcrdist3']",True,500,1,0,500,True,DBSCAN,50,0.5,True,,VDJdb,beta,2500,gliph2,7.351670265197754,85
32,159.0,IVTDFSVIK,IVTDFSVIK,0.5,0.5,2,80,20230719_125628,CPUs,4,['beta'],"['length', 'clustcr', 'hamming', 'GIANA', 'gliph2', 'ismart', 'tcrdist3']",True,500,1,0,500,True,DBSCAN,50,0.5,True,,VDJdb,beta,2500,gliph2,7.351670265197754,85
33,157.0,GILGFVFTL,RAKFKQLL,0.5,0.5,2,80,20230719_125628,CPUs,4,['beta'],"['length', 'clustcr', 'hamming', 'GIANA', 'gliph2', 'ismart', 'tcrdist3']",True,500,1,0,500,True,DBSCAN,50,0.5,True,,VDJdb,beta,2500,gliph2,7.351670265197754,85
34,146.0,IVTDFSVIK,IVTDFSVIK,1.0,1.0,2,80,20230719_125628,CPUs,4,['beta'],"['length', 'clustcr', 'hamming', 'GIANA', 'gliph2', 'ismart', 'tcrdist3']",True,500,1,0,500,True,DBSCAN,50,0.5,True,,VDJdb,beta,2500,gliph2,7.351670265197754,85
35,156.0,IVTDFSVIK,KLGGALQAK,0.5,0.5,2,80,20230719_125628,CPUs,4,['beta'],"['length', 'clustcr', 'hamming', 'GIANA', 'gliph2', 'ismart', 'tcrdist3']",True,500,1,0,500,True,DBSCAN,50,0.5,True,,VDJdb,beta,2500,gliph2,7.351670265197754,85
36,39.0,AVFDRKSDAK,KLGGALQAK,0.5,0.5,2,80,20230719_125628,CPUs,4,['beta'],"['length', 'clustcr', 'hamming', 'GIANA', 'gliph2', 'ismart', 'tcrdist3']",True,500,1,0,500,True,DBSCAN,50,0.5,True,,VDJdb,beta,2500,gliph2,7.351670265197754,85
37,153.0,AVFDRKSDAK,KLGGALQAK,0.5,0.5,2,80,20230719_125628,CPUs,4,['beta'],"['length', 'clustcr', 'hamming', 'GIANA', 'gliph2', 'ismart', 'tcrdist3']",True,500,1,0,500,True,DBSCAN,50,0.5,True,,VDJdb,beta,2500,gliph2,7.351670265197754,85
38,129.0,AVFDRKSDAK,AVFDRKSDAK,0.5,0.5,2,80,20230719_125628,CPUs,4,['beta'],"['length', 'clustcr', 'hamming', 'GIANA', 'gliph2', 'ismart', 'tcrdist3']",True,500,1,0,500,True,DBSCAN,50,0.5,True,,VDJdb,beta,2500,gliph2,7.351670265197754,85
39,66.0,AVFDRKSDAK,AVFDRKSDAK,0.5,0.5,2,80,20230719_125628,CPUs,4,['beta'],"['length', 'clustcr', 'hamming', 'GIANA', 'gliph2', 'ismart', 'tcrdist3']",True,500,1,0,500,True,DBSCAN,50,0.5,True,,VDJdb,beta,2500,gliph2,7.351670265197754,85
40,147.0,IVTDFSVIK,IVTDFSVIK,1.0,1.0,2,80,20230719_125628,CPUs,4,['beta'],"['length', 'clustcr', 'hamming', 'GIANA', 'gliph2', 'ismart', 'tcrdist3']",True,500,1,0,500,True,DBSCAN,50,0.5,True,,VDJdb,beta,2500,gliph2,7.351670265197754,85
41,149.0,IVTDFSVIK,IVTDFSVIK,0.5,0.5,2,80,20230719_125628,CPUs,4,['beta'],"['length', 'clustcr', 'hamming', 'GIANA', 'gliph2', 'ismart', 'tcrdist3']",True,500,1,0,500,True,DBSCAN,50,0.5,True,,VDJdb,beta,2500,gliph2,7.351670265197754,85
42,60.0,IVTDFSVIK,KLGGALQAK,0.5,0.5,2,80,20230719_125628,CPUs,4,['beta'],"['length', 'clustcr', 'hamming', 'GIANA', 'gliph2', 'ismart', 'tcrdist3']",True,500,1,0,500,True,DBSCAN,50,0.5,True,,VDJdb,beta,2500,gliph2,7.351670265197754,85
43,140.0,IVTDFSVIK,KLGGALQAK,0.5,0.5,2,80,20230719_125628,CPUs,4,['beta'],"['length', 'clustcr', 'hamming', 'GIANA', 'gliph2', 'ismart', 'tcrdist3']",True,500,1,0,500,True,DBSCAN,50,0.5,True,,VDJdb,beta,2500,gliph2,7.351670265197754,85
44,107.0,AVFDRKSDAK,IVTDFSVIK,0.5,0.5,2,80,20230719_125628,CPUs,4,['beta'],"['length', 'clustcr', 'hamming', 'GIANA', 'gliph2', 'ismart', 'tcrdist3']",True,500,1,0,500,True,DBSCAN,50,0.5,True,,VDJdb,beta,2500,gliph2,7.351670265197754,85
45,113.0,KLGGALQAK,KLGGALQAK,0.5,0.5,2,80,20230719_125628,CPUs,4,['beta'],"['length', 'clustcr', 'hamming', 'GIANA', 'gliph2', 'ismart', 'tcrdist3']",True,500,1,0,500,True,DBSCAN,50,0.5,True,,VDJdb,beta,2500,gliph2,7.351670265197754,85
46,139.0,KLGGALQAK,KLGGALQAK,1.0,1.0,2,80,20230719_125628,CPUs,4,['beta'],"['length', 'clustcr', 'hamming', 'GIANA', 'gliph2', 'ismart', 'tcrdist3']",True,500,1,0,500,True,DBSCAN,50,0.5,True,,VDJdb,beta,2500,gliph2,7.351670265197754,85
47,124.0,KLGGALQAK,KLGGALQAK,1.0,1.0,2,80,20230719_125628,CPUs,4,['beta'],"['length', 'clustcr', 'hamming', 'GIANA', 'gliph2', 'ismart', 'tcrdist3']",True,500,1,0,500,True,DBSCAN,50,0.5,True,,VDJdb,beta,2500,gliph2,7.351670265197754,85
48,96.0,KLGGALQAK,KLGGALQAK,0.5,0.5,2,80,20230719_125628,CPUs,4,['beta'],"['length', 'clustcr', 'hamming', 'GIANA', 'gliph2', 'ismart', 'tcrdist3']",True,500,1,0,500,True,DBSCAN,50,0.5,True,,VDJdb,beta,2500,gliph2,7.351670265197754,85
49,88.0,KLGGALQAK,KLGGALQAK,0.5,0.5,2,80,20230719_125628,CPUs,4,['beta'],"['length', 'clustcr', 'hamming', 'GIANA', 'gliph2', 'ismart', 'tcrdist3']",True,500,1,0,500,True,DBSCAN,50,0.5,True,,VDJdb,beta,2500,gliph2,7.351670265197754,85
50,78.0,GILGFVFTL,GILGFVFTL,1.0,1.0,2,80,20230719_125628,CPUs,4,['beta'],"['length', 'clustcr', 'hamming', 'GIANA', 'gliph2', 'ismart', 'tcrdist3']",True,500,1,0,500,True,DBSCAN,50,0.5,True,,VDJdb,beta,2500,gliph2,7.351670265197754,85
51,160.0,RAKFKQLL,RAKFKQLL,1.0,1.0,2,80,20230719_125628,CPUs,4,['beta'],"['length', 'clustcr', 'hamming', 'GIANA', 'gliph2', 'ismart', 'tcrdist3']",True,500,1,0,500,True,DBSCAN,50,0.5,True,,VDJdb,beta,2500,gliph2,7.351670265197754,85
52,93.0,RAKFKQLL,RAKFKQLL,1.0,1.0,2,80,20230719_125628,CPUs,4,['beta'],"['length', 'clustcr', 'hamming', 'GIANA', 'gliph2', 'ismart', 'tcrdist3']",True,500,1,0,500,True,DBSCAN,50,0.5,True,,VDJdb,beta,2500,gliph2,7.351670265197754,85
53,122.0,RAKFKQLL,RAKFKQLL,1.0,1.0,2,80,20230719_125628,CPUs,4,['beta'],"['length', 'clustcr', 'hamming', 'GIANA', 'gliph2', 'ismart', 'tcrdist3']",True,500,1,0,500,True,DBSCAN,50,0.5,True,,VDJdb,beta,2500,gliph2,7.351670265197754,85
54,155.0,AVFDRKSDAK,IVTDFSVIK,0.5,0.5,2,80,20230719_125628,CPUs,4,['beta'],"['length', 'clustcr', 'hamming', 'GIANA', 'gliph2', 'ismart', 'tcrdist3']",True,500,1,0,500,True,DBSCAN,50,0.5,True,,VDJdb,beta,2500,gliph2,7.351670265197754,85
55,145.0,AVFDRKSDAK,KLGGALQAK,0.5,0.5,2,80,20230719_125628,CPUs,4,['beta'],"['length', 'clustcr', 'hamming', 'GIANA', 'gliph2', 'ismart', 'tcrdist3']",True,500,1,0,500,True,DBSCAN,50,0.5,True,,VDJdb,beta,2500,gliph2,7.351670265197754,85
56,100.0,AVFDRKSDAK,IVTDFSVIK,0.5,0.5,2,80,20230719_125628,CPUs,4,['beta'],"['length', 'clustcr', 'hamming', 'GIANA', 'gliph2', 'ismart', 'tcrdist3']",True,500,1,0,500,True,DBSCAN,50,0.5,True,,VDJdb,beta,2500,gliph2,7.351670265197754,85
57,53.0,GILGFVFTL,GILGFVFTL,1.0,1.0,2,80,20230719_125628,CPUs,4,['beta'],"['length', 'clustcr', 'hamming', 'GIANA', 'gliph2', 'ismart', 'tcrdist3']",True,500,1,0,500,True,DBSCAN,50,0.5,True,,VDJdb,beta,2500,gliph2,7.351670265197754,85
58,33.0,GILGFVFTL,GILGFVFTL,1.0,1.0,2,80,20230719_125628,CPUs,4,['beta'],"['length', 'clustcr', 'hamming', 'GIANA', 'gliph2', 'ismart', 'tcrdist3']",True,500,1,0,500,True,DBSCAN,50,0.5,True,,VDJdb,beta,2500,gliph2,7.351670265197754,85
59,38.0,GILGFVFTL,GILGFVFTL,1.0,1.0,2,80,20230719_125628,CPUs,4,['beta'],"['length', 'clustcr', 'hamming', 'GIANA', 'gliph2', 'ismart', 'tcrdist3']",True,500,1,0,500,True,DBSCAN,50,0.5,True,,VDJdb,beta,2500,gliph2,7.351670265197754,85
60,18.0,GILGFVFTL,GILGFVFTL,1.0,1.0,2,80,20230719_125628,CPUs,4,['beta'],"['length', 'clustcr', 'hamming', 'GIANA', 'gliph2', 'ismart', 'tcrdist3']",True,500,1,0,500,True,DBSCAN,50,0.5,True,,VDJdb,beta,2500,gliph2,7.351670265197754,85
61,102.0,GILGFVFTL,GILGFVFTL,1.0,1.0,2,80,20230719_125628,CPUs,4,['beta'],"['length', 'clustcr', 'hamming', 'GIANA', 'gliph2', 'ismart', 'tcrdist3']",True,500,1,0,500,True,DBSCAN,50,0.5,True,,VDJdb,beta,2500,gliph2,7.351670265197754,85
62,20.0,GILGFVFTL,GILGFVFTL,1.0,1.0,2,80,20230719_125628,CPUs,4,['beta'],"['length', 'clustcr', 'hamming', 'GIANA', 'gliph2', 'ismart', 'tcrdist3']",True,500,1,0,500,True,DBSCAN,50,0.5,True,,VDJdb,beta,2500,gliph2,7.351670265197754,85
63,35.0,GILGFVFTL,GILGFVFTL,1.0,1.0,2,80,20230719_125628,CPUs,4,['beta'],"['length', 'clustcr', 'hamming', 'GIANA', 'gliph2', 'ismart', 'tcrdist3']",True,500,1,0,500,True,DBSCAN,50,0.5,True,,VDJdb,beta,2500,gliph2,7.351670265197754,85
64,130.0,GILGFVFTL,GILGFVFTL,1.0,1.0,2,80,20230719_125628,CPUs,4,['beta'],"['length', 'clustcr', 'hamming', 'GIANA', 'gliph2', 'ismart', 'tcrdist3']",True,500,1,0,500,True,DBSCAN,50,0.5,True,,VDJdb,beta,2500,gliph2,7.351670265197754,85
65,50.0,GILGFVFTL,GILGFVFTL,1.0,1.0,2,80,20230719_125628,CPUs,4,['beta'],"['length', 'clustcr', 'hamming', 'GIANA', 'gliph2', 'ismart', 'tcrdist3']",True,500,1,0,500,True,DBSCAN,50,0.5,True,,VDJdb,beta,2500,gliph2,7.351670265197754,85
66,81.0,GILGFVFTL,GILGFVFTL,1.0,1.0,2,80,20230719_125628,CPUs,4,['beta'],"['length', 'clustcr', 'hamming', 'GIANA', 'gliph2', 'ismart', 'tcrdist3']",True,500,1,0,500,True,DBSCAN,50,0.5,True,,VDJdb,beta,2500,gliph2,7.351670265197754,85
67,10.0,GILGFVFTL,GILGFVFTL,1.0,1.0,2,80,20230719_125628,CPUs,4,['beta'],"['length', 'clustcr', 'hamming', 'GIANA', 'gliph2', 'ismart', 'tcrdist3']",True,500,1,0,500,True,DBSCAN,50,0.5,True,,VDJdb,beta,2500,gliph2,7.351670265197754,85
68,40.0,GILGFVFTL,GILGFVFTL,1.0,1.0,2,80,20230719_125628,CPUs,4,['beta'],"['length', 'clustcr', 'hamming', 'GIANA', 'gliph2', 'ismart', 'tcrdist3']",True,500,1,0,500,True,DBSCAN,50,0.5,True,,VDJdb,beta,2500,gliph2,7.351670265197754,85
69,24.0,GILGFVFTL,GILGFVFTL,1.0,1.0,2,80,20230719_125628,CPUs,4,['beta'],"['length', 'clustcr', 'hamming', 'GIANA', 'gliph2', 'ismart', 'tcrdist3']",True,500,1,0,500,True,DBSCAN,50,0.5,True,,VDJdb,beta,2500,gliph2,7.351670265197754,85
70,17.0,GILGFVFTL,GILGFVFTL,1.0,1.0,2,80,20230719_125628,CPUs,4,['beta'],"['length', 'clustcr', 'hamming', 'GIANA', 'gliph2', 'ismart', 'tcrdist3']",True,500,1,0,500,True,DBSCAN,50,0.5,True,,VDJdb,beta,2500,gliph2,7.351670265197754,85
71,144.0,AVFDRKSDAK,KLGGALQAK,0.5,0.5,2,80,20230719_125628,CPUs,4,['beta'],"['length', 'clustcr', 'hamming', 'GIANA', 'gliph2', 'ismart', 'tcrdist3']",True,500,1,0,500,True,DBSCAN,50,0.5,True,,VDJdb,beta,2500,gliph2,7.351670265197754,85
72,90.0,GILGFVFTL,IVTDFSVIK,0.5,0.5,2,80,20230719_125628,CPUs,4,['beta'],"['length', 'clustcr', 'hamming', 'GIANA', 'gliph2', 'ismart', 'tcrdist3']",True,500,1,0,500,True,DBSCAN,50,0.5,True,,VDJdb,beta,2500,gliph2,7.351670265197754,85
73,152.0,GILGFVFTL,KLGGALQAK,0.5,0.5,2,80,20230719_125628,CPUs,4,['beta'],"['length', 'clustcr', 'hamming', 'GIANA', 'gliph2', 'ismart', 'tcrdist3']",True,500,1,0,500,True,DBSCAN,50,0.5,True,,VDJdb,beta,2500,gliph2,7.351670265197754,85
74,134.0,AVFDRKSDAK,IVTDFSVIK,0.5,0.5,2,80,20230719_125628,CPUs,4,['beta'],"['length', 'clustcr', 'hamming', 'GIANA', 'gliph2', 'ismart', 'tcrdist3']",True,500,1,0,500,True,DBSCAN,50,0.5,True,,VDJdb,beta,2500,gliph2,7.351670265197754,85
75,69.0,GILGFVFTL,GILGFVFTL,1.0,1.0,2,80,20230719_125628,CPUs,4,['beta'],"['length', 'clustcr', 'hamming', 'GIANA', 'gliph2', 'ismart', 'tcrdist3']",True,500,1,0,500,True,DBSCAN,50,0.5,True,,VDJdb,beta,2500,gliph2,7.351670265197754,85
76,91.0,AVFDRKSDAK,AVFDRKSDAK,1.0,1.0,2,80,20230719_125628,CPUs,4,['beta'],"['length', 'clustcr', 'hamming', 'GIANA', 'gliph2', 'ismart', 'tcrdist3']",True,500,1,0,500,True,DBSCAN,50,0.5,True,,VDJdb,beta,2500,gliph2,7.351670265197754,85
77,137.0,AVFDRKSDAK,AVFDRKSDAK,1.0,1.0,2,80,20230719_125628,CPUs,4,['beta'],"['length', 'clustcr', 'hamming', 'GIANA', 'gliph2', 'ismart', 'tcrdist3']",True,500,1,0,500,True,DBSCAN,50,0.5,True,,VDJdb,beta,2500,gliph2,7.351670265197754,85
78,154.0,AVFDRKSDAK,AVFDRKSDAK,1.0,1.0,2,80,20230719_125628,CPUs,4,['beta'],"['length', 'clustcr', 'hamming', 'GIANA', 'gliph2', 'ismart', 'tcrdist3']",True,500,1,0,500,True,DBSCAN,50,0.5,True,,VDJdb,beta,2500,gliph2,7.351670265197754,85
79,128.0,AVFDRKSDAK,AVFDRKSDAK,0.5,0.5,2,80,20230719_125628,CPUs,4,['beta'],"['length', 'clustcr', 'hamming', 'GIANA', 'gliph2', 'ismart', 'tcrdist3']",True,500,1,0,500,True,DBSCAN,50,0.5,True,,VDJdb,beta,2500,gliph2,7.351670265197754,85
80,79.0,AVFDRKSDAK,KLGGALQAK,0.5,0.5,2,80,20230719_125628,CPUs,4,['beta'],"['length', 'clustcr', 'hamming', 'GIANA', 'gliph2', 'ismart', 'tcrdist3']",True,500,1,0,500,True,DBSCAN,50,0.5,True,,VDJdb,beta,2500,gliph2,7.351670265197754,85
81,116.0,AVFDRKSDAK,IVTDFSVIK,0.5,0.5,2,80,20230719_125628,CPUs,4,['beta'],"['length', 'clustcr', 'hamming', 'GIANA', 'gliph2', 'ismart', 'tcrdist3']",True,500,1,0,500,True,DBSCAN,50,0.5,True,,VDJdb,beta,2500,gliph2,7.351670265197754,85
82,108.0,AVFDRKSDAK,IVTDFSVIK,0.5,0.5,2,80,20230719_125628,CPUs,4,['beta'],"['length', 'clustcr', 'hamming', 'GIANA', 'gliph2', 'ismart', 'tcrdist3']",True,500,1,0,500,True,DBSCAN,50,0.5,True,,VDJdb,beta,2500,gliph2,7.351670265197754,85
83,42.0,GILGFVFTL,GILGFVFTL,1.0,1.0,2,80,20230719_125628,CPUs,4,['beta'],"['length', 'clustcr', 'hamming', 'GIANA', 'gliph2', 'ismart', 'tcrdist3']",True,500,1,0,500,True,DBSCAN,50,0.5,True,,VDJdb,beta,2500,gliph2,7.351670265197754,85
84,111.0,GILGFVFTL,GILGFVFTL,1.0,1.0,2,80,20230719_125628,CPUs,4,['beta'],"['length', 'clustcr', 'hamming', 'GIANA', 'gliph2', 'ismart', 'tcrdist3']",True,500,1,0,500,True,DBSCAN,50,0.5,True,,VDJdb,beta,2500,gliph2,7.351670265197754,85
0,3,IVTDFSVIK,IVTDFSVIK,0.226,0.226,500,0,20230719_125628,CPUs,4,['beta'],"['length', 'clustcr', 'hamming', 'GIANA', 'gliph2', 'ismart', 'tcrdist3']",True,500,1,0,500,True,DBSCAN,50,0.5,True,,VDJdb,beta,2500,random,0.0014407634735107422,5
1,4,KLGGALQAK,KLGGALQAK,0.238,0.238,500,0,20230719_125628,CPUs,4,['beta'],"['length', 'clustcr', 'hamming', 'GIANA', 'gliph2', 'ismart', 'tcrdist3']",True,500,1,0,500,True,DBSCAN,50,0.5,True,,VDJdb,beta,2500,random,0.0014407634735107422,5
2,0,RAKFKQLL,RAKFKQLL,0.226,0.226,500,0,20230719_125628,CPUs,4,['beta'],"['length', 'clustcr', 'hamming', 'GIANA', 'gliph2', 'ismart', 'tcrdist3']",True,500,1,0,500,True,DBSCAN,50,0.5,True,,VDJdb,beta,2500,random,0.0014407634735107422,5
3,1,RAKFKQLL,RAKFKQLL,0.224,0.224,500,0,20230719_125628,CPUs,4,['beta'],"['length', 'clustcr', 'hamming', 'GIANA', 'gliph2', 'ismart', 'tcrdist3']",True,500,1,0,500,True,DBSCAN,50,0.5,True,,VDJdb,beta,2500,random,0.0014407634735107422,5
4,2,GILGFVFTL,GILGFVFTL,0.214,0.214,500,0,20230719_125628,CPUs,4,['beta'],"['length', 'clustcr', 'hamming', 'GIANA', 'gliph2', 'ismart', 'tcrdist3']",True,500,1,0,500,True,DBSCAN,50,0.5,True,,VDJdb,beta,2500,random,0.0014407634735107422,5
0,1,GILGFVFTL,GILGFVFTL,0.9214285714285714,0.9214285714285714,140,128,20230719_125628,CPUs,4,['beta'],"['length', 'clustcr', 'hamming', 'GIANA', 'gliph2', 'ismart', 'tcrdist3']",True,500,1,0,500,True,DBSCAN,50,0.5,True,,VDJdb,beta,2500,ismart,1.9337670803070068,136
1,49,IVTDFSVIK,IVTDFSVIK,0.9652173913043478,0.9652173913043478,115,128,20230719_125628,CPUs,4,['beta'],"['length', 'clustcr', 'hamming', 'GIANA', 'gliph2', 'ismart', 'tcrdist3']",True,500,1,0,500,True,DBSCAN,50,0.5,True,,VDJdb,beta,2500,ismart,1.9337670803070068,136
2,4,RAKFKQLL,RAKFKQLL,0.8615384615384616,0.8615384615384616,65,128,20230719_125628,CPUs,4,['beta'],"['length', 'clustcr', 'hamming', 'GIANA', 'gliph2', 'ismart', 'tcrdist3']",True,500,1,0,500,True,DBSCAN,50,0.5,True,,VDJdb,beta,2500,ismart,1.9337670803070068,136
3,8,GILGFVFTL,GILGFVFTL,1.0,1.0,54,128,20230719_125628,CPUs,4,['beta'],"['length', 'clustcr', 'hamming', 'GIANA', 'gliph2', 'ismart', 'tcrdist3']",True,500,1,0,500,True,DBSCAN,50,0.5,True,,VDJdb,beta,2500,ismart,1.9337670803070068,136
4,16,RAKFKQLL,RAKFKQLL,0.9117647058823529,0.9117647058823529,34,128,20230719_125628,CPUs,4,['beta'],"['length', 'clustcr', 'hamming', 'GIANA', 'gliph2', 'ismart', 'tcrdist3']",True,500,1,0,500,True,DBSCAN,50,0.5,True,,VDJdb,beta,2500,ismart,1.9337670803070068,136
5,14,GILGFVFTL,GILGFVFTL,1.0,1.0,34,128,20230719_125628,CPUs,4,['beta'],"['length', 'clustcr', 'hamming', 'GIANA', 'gliph2', 'ismart', 'tcrdist3']",True,500,1,0,500,True,DBSCAN,50,0.5,True,,VDJdb,beta,2500,ismart,1.9337670803070068,136
6,118,IVTDFSVIK,IVTDFSVIK,1.0,1.0,25,128,20230719_125628,CPUs,4,['beta'],"['length', 'clustcr', 'hamming', 'GIANA', 'gliph2', 'ismart', 'tcrdist3']",True,500,1,0,500,True,DBSCAN,50,0.5,True,,VDJdb,beta,2500,ismart,1.9337670803070068,136
7,0,GILGFVFTL,GILGFVFTL,0.9285714285714286,0.9285714285714286,14,128,20230719_125628,CPUs,4,['beta'],"['length', 'clustcr', 'hamming', 'GIANA', 'gliph2', 'ismart', 'tcrdist3']",True,500,1,0,500,True,DBSCAN,50,0.5,True,,VDJdb,beta,2500,ismart,1.9337670803070068,136
8,27,RAKFKQLL,RAKFKQLL,1.0,1.0,10,128,20230719_125628,CPUs,4,['beta'],"['length', 'clustcr', 'hamming', 'GIANA', 'gliph2', 'ismart', 'tcrdist3']",True,500,1,0,500,True,DBSCAN,50,0.5,True,,VDJdb,beta,2500,ismart,1.9337670803070068,136
9,85,AVFDRKSDAK,AVFDRKSDAK,0.8,0.8,10,128,20230719_125628,CPUs,4,['beta'],"['length', 'clustcr', 'hamming', 'GIANA', 'gliph2', 'ismart', 'tcrdist3']",True,500,1,0,500,True,DBSCAN,50,0.5,True,,VDJdb,beta,2500,ismart,1.9337670803070068,136
10,5,GILGFVFTL,GILGFVFTL,1.0,1.0,9,128,20230719_125628,CPUs,4,['beta'],"['length', 'clustcr', 'hamming', 'GIANA', 'gliph2', 'ismart', 'tcrdist3']",True,500,1,0,500,True,DBSCAN,50,0.5,True,,VDJdb,beta,2500,ismart,1.9337670803070068,136
11,39,RAKFKQLL,RAKFKQLL,0.8888888888888888,0.8888888888888888,9,128,20230719_125628,CPUs,4,['beta'],"['length', 'clustcr', 'hamming', 'GIANA', 'gliph2', 'ismart', 'tcrdist3']",True,500,1,0,500,True,DBSCAN,50,0.5,True,,VDJdb,beta,2500,ismart,1.9337670803070068,136
12,2,RAKFKQLL,RAKFKQLL,0.8888888888888888,0.8888888888888888,9,128,20230719_125628,CPUs,4,['beta'],"['length', 'clustcr', 'hamming', 'GIANA', 'gliph2', 'ismart', 'tcrdist3']",True,500,1,0,500,True,DBSCAN,50,0.5,True,,VDJdb,beta,2500,ismart,1.9337670803070068,136
13,48,RAKFKQLL,RAKFKQLL,0.875,0.875,8,128,20230719_125628,CPUs,4,['beta'],"['length', 'clustcr', 'hamming', 'GIANA', 'gliph2', 'ismart', 'tcrdist3']",True,500,1,0,500,True,DBSCAN,50,0.5,True,,VDJdb,beta,2500,ismart,1.9337670803070068,136
14,25,RAKFKQLL,KLGGALQAK,0.375,0.25,8,128,20230719_125628,CPUs,4,['beta'],"['length', 'clustcr', 'hamming', 'GIANA', 'gliph2', 'ismart', 'tcrdist3']",True,500,1,0,500,True,DBSCAN,50,0.5,True,,VDJdb,beta,2500,ismart,1.9337670803070068,136
15,91,AVFDRKSDAK,AVFDRKSDAK,0.7142857142857143,0.7142857142857143,7,128,20230719_125628,CPUs,4,['beta'],"['length', 'clustcr', 'hamming', 'GIANA', 'gliph2', 'ismart', 'tcrdist3']",True,500,1,0,500,True,DBSCAN,50,0.5,True,,VDJdb,beta,2500,ismart,1.9337670803070068,136
16,10,RAKFKQLL,RAKFKQLL,0.8333333333333334,0.8333333333333334,6,128,20230719_125628,CPUs,4,['beta'],"['length', 'clustcr', 'hamming', 'GIANA', 'gliph2', 'ismart', 'tcrdist3']",True,500,1,0,500,True,DBSCAN,50,0.5,True,,VDJdb,beta,2500,ismart,1.9337670803070068,136
17,13,GILGFVFTL,GILGFVFTL,1.0,1.0,6,128,20230719_125628,CPUs,4,['beta'],"['length', 'clustcr', 'hamming', 'GIANA', 'gliph2', 'ismart', 'tcrdist3']",True,500,1,0,500,True,DBSCAN,50,0.5,True,,VDJdb,beta,2500,ismart,1.9337670803070068,136
18,81,AVFDRKSDAK,AVFDRKSDAK,0.5,0.5,6,128,20230719_125628,CPUs,4,['beta'],"['length', 'clustcr', 'hamming', 'GIANA', 'gliph2', 'ismart', 'tcrdist3']",True,500,1,0,500,True,DBSCAN,50,0.5,True,,VDJdb,beta,2500,ismart,1.9337670803070068,136
19,36,RAKFKQLL,RAKFKQLL,0.8333333333333334,0.8333333333333334,6,128,20230719_125628,CPUs,4,['beta'],"['length', 'clustcr', 'hamming', 'GIANA', 'gliph2', 'ismart', 'tcrdist3']",True,500,1,0,500,True,DBSCAN,50,0.5,True,,VDJdb,beta,2500,ismart,1.9337670803070068,136
20,41,RAKFKQLL,RAKFKQLL,0.6666666666666666,0.6666666666666666,6,128,20230719_125628,CPUs,4,['beta'],"['length', 'clustcr', 'hamming', 'GIANA', 'gliph2', 'ismart', 'tcrdist3']",True,500,1,0,500,True,DBSCAN,50,0.5,True,,VDJdb,beta,2500,ismart,1.9337670803070068,136
21,56,RAKFKQLL,AVFDRKSDAK,0.5,0.16666666666666666,6,128,20230719_125628,CPUs,4,['beta'],"['length', 'clustcr', 'hamming', 'GIANA', 'gliph2', 'ismart', 'tcrdist3']",True,500,1,0,500,True,DBSCAN,50,0.5,True,,VDJdb,beta,2500,ismart,1.9337670803070068,136
22,55,IVTDFSVIK,KLGGALQAK,0.3333333333333333,0.3333333333333333,6,128,20230719_125628,CPUs,4,['beta'],"['length', 'clustcr', 'hamming', 'GIANA', 'gliph2', 'ismart', 'tcrdist3']",True,500,1,0,500,True,DBSCAN,50,0.5,True,,VDJdb,beta,2500,ismart,1.9337670803070068,136
23,69,GILGFVFTL,GILGFVFTL,1.0,1.0,5,128,20230719_125628,CPUs,4,['beta'],"['length', 'clustcr', 'hamming', 'GIANA', 'gliph2', 'ismart', 'tcrdist3']",True,500,1,0,500,True,DBSCAN,50,0.5,True,,VDJdb,beta,2500,ismart,1.9337670803070068,136
24,44,RAKFKQLL,RAKFKQLL,0.8,0.8,5,128,20230719_125628,CPUs,4,['beta'],"['length', 'clustcr', 'hamming', 'GIANA', 'gliph2', 'ismart', 'tcrdist3']",True,500,1,0,500,True,DBSCAN,50,0.5,True,,VDJdb,beta,2500,ismart,1.9337670803070068,136
25,47,RAKFKQLL,RAKFKQLL,1.0,1.0,5,128,20230719_125628,CPUs,4,['beta'],"['length', 'clustcr', 'hamming', 'GIANA', 'gliph2', 'ismart', 'tcrdist3']",True,500,1,0,500,True,DBSCAN,50,0.5,True,,VDJdb,beta,2500,ismart,1.9337670803070068,136
26,15,RAKFKQLL,RAKFKQLL,1.0,1.0,5,128,20230719_125628,CPUs,4,['beta'],"['length', 'clustcr', 'hamming', 'GIANA', 'gliph2', 'ismart', 'tcrdist3']",True,500,1,0,500,True,DBSCAN,50,0.5,True,,VDJdb,beta,2500,ismart,1.9337670803070068,136
27,126,IVTDFSVIK,IVTDFSVIK,1.0,1.0,5,128,20230719_125628,CPUs,4,['beta'],"['length', 'clustcr', 'hamming', 'GIANA', 'gliph2', 'ismart', 'tcrdist3']",True,500,1,0,500,True,DBSCAN,50,0.5,True,,VDJdb,beta,2500,ismart,1.9337670803070068,136
28,95,KLGGALQAK,KLGGALQAK,0.8,0.8,5,128,20230719_125628,CPUs,4,['beta'],"['length', 'clustcr', 'hamming', 'GIANA', 'gliph2', 'ismart', 'tcrdist3']",True,500,1,0,500,True,DBSCAN,50,0.5,True,,VDJdb,beta,2500,ismart,1.9337670803070068,136
29,51,RAKFKQLL,RAKFKQLL,0.75,0.75,4,128,20230719_125628,CPUs,4,['beta'],"['length', 'clustcr', 'hamming', 'GIANA', 'gliph2', 'ismart', 'tcrdist3']",True,500,1,0,500,True,DBSCAN,50,0.5,True,,VDJdb,beta,2500,ismart,1.9337670803070068,136
30,12,GILGFVFTL,RAKFKQLL,0.5,0.5,4,128,20230719_125628,CPUs,4,['beta'],"['length', 'clustcr', 'hamming', 'GIANA', 'gliph2', 'ismart', 'tcrdist3']",True,500,1,0,500,True,DBSCAN,50,0.5,True,,VDJdb,beta,2500,ismart,1.9337670803070068,136
31,109,AVFDRKSDAK,AVFDRKSDAK,0.75,0.75,4,128,20230719_125628,CPUs,4,['beta'],"['length', 'clustcr', 'hamming', 'GIANA', 'gliph2', 'ismart', 'tcrdist3']",True,500,1,0,500,True,DBSCAN,50,0.5,True,,VDJdb,beta,2500,ismart,1.9337670803070068,136
32,86,RAKFKQLL,KLGGALQAK,0.5,0.25,4,128,20230719_125628,CPUs,4,['beta'],"['length', 'clustcr', 'hamming', 'GIANA', 'gliph2', 'ismart', 'tcrdist3']",True,500,1,0,500,True,DBSCAN,50,0.5,True,,VDJdb,beta,2500,ismart,1.9337670803070068,136
33,129,IVTDFSVIK,IVTDFSVIK,1.0,1.0,4,128,20230719_125628,CPUs,4,['beta'],"['length', 'clustcr', 'hamming', 'GIANA', 'gliph2', 'ismart', 'tcrdist3']",True,500,1,0,500,True,DBSCAN,50,0.5,True,,VDJdb,beta,2500,ismart,1.9337670803070068,136
34,19,RAKFKQLL,RAKFKQLL,1.0,1.0,4,128,20230719_125628,CPUs,4,['beta'],"['length', 'clustcr', 'hamming', 'GIANA', 'gliph2', 'ismart', 'tcrdist3']",True,500,1,0,500,True,DBSCAN,50,0.5,True,,VDJdb,beta,2500,ismart,1.9337670803070068,136
35,57,RAKFKQLL,AVFDRKSDAK,0.5,0.25,4,128,20230719_125628,CPUs,4,['beta'],"['length', 'clustcr', 'hamming', 'GIANA', 'gliph2', 'ismart', 'tcrdist3']",True,500,1,0,500,True,DBSCAN,50,0.5,True,,VDJdb,beta,2500,ismart,1.9337670803070068,136
36,54,RAKFKQLL,RAKFKQLL,1.0,1.0,4,128,20230719_125628,CPUs,4,['beta'],"['length', 'clustcr', 'hamming', 'GIANA', 'gliph2', 'ismart', 'tcrdist3']",True,500,1,0,500,True,DBSCAN,50,0.5,True,,VDJdb,beta,2500,ismart,1.9337670803070068,136
37,38,RAKFKQLL,RAKFKQLL,1.0,1.0,4,128,20230719_125628,CPUs,4,['beta'],"['length', 'clustcr', 'hamming', 'GIANA', 'gliph2', 'ismart', 'tcrdist3']",True,500,1,0,500,True,DBSCAN,50,0.5,True,,VDJdb,beta,2500,ismart,1.9337670803070068,136
38,61,GILGFVFTL,GILGFVFTL,1.0,1.0,3,128,20230719_125628,CPUs,4,['beta'],"['length', 'clustcr', 'hamming', 'GIANA', 'gliph2', 'ismart', 'tcrdist3']",True,500,1,0,500,True,DBSCAN,50,0.5,True,,VDJdb,beta,2500,ismart,1.9337670803070068,136
39,96,KLGGALQAK,KLGGALQAK,0.6666666666666666,0.6666666666666666,3,128,20230719_125628,CPUs,4,['beta'],"['length', 'clustcr', 'hamming', 'GIANA', 'gliph2', 'ismart', 'tcrdist3']",True,500,1,0,500,True,DBSCAN,50,0.5,True,,VDJdb,beta,2500,ismart,1.9337670803070068,136
40,28,RAKFKQLL,RAKFKQLL,0.6666666666666666,0.6666666666666666,3,128,20230719_125628,CPUs,4,['beta'],"['length', 'clustcr', 'hamming', 'GIANA', 'gliph2', 'ismart', 'tcrdist3']",True,500,1,0,500,True,DBSCAN,50,0.5,True,,VDJdb,beta,2500,ismart,1.9337670803070068,136
41,71,RAKFKQLL,RAKFKQLL,0.6666666666666666,0.6666666666666666,3,128,20230719_125628,CPUs,4,['beta'],"['length', 'clustcr', 'hamming', 'GIANA', 'gliph2', 'ismart', 'tcrdist3']",True,500,1,0,500,True,DBSCAN,50,0.5,True,,VDJdb,beta,2500,ismart,1.9337670803070068,136
42,62,RAKFKQLL,RAKFKQLL,0.6666666666666666,0.6666666666666666,3,128,20230719_125628,CPUs,4,['beta'],"['length', 'clustcr', 'hamming', 'GIANA', 'gliph2', 'ismart', 'tcrdist3']",True,500,1,0,500,True,DBSCAN,50,0.5,True,,VDJdb,beta,2500,ismart,1.9337670803070068,136
43,31,RAKFKQLL,RAKFKQLL,1.0,1.0,3,128,20230719_125628,CPUs,4,['beta'],"['length', 'clustcr', 'hamming', 'GIANA', 'gliph2', 'ismart', 'tcrdist3']",True,500,1,0,500,True,DBSCAN,50,0.5,True,,VDJdb,beta,2500,ismart,1.9337670803070068,136
44,26,GILGFVFTL,GILGFVFTL,0.6666666666666666,0.6666666666666666,3,128,20230719_125628,CPUs,4,['beta'],"['length', 'clustcr', 'hamming', 'GIANA', 'gliph2', 'ismart', 'tcrdist3']",True,500,1,0,500,True,DBSCAN,50,0.5,True,,VDJdb,beta,2500,ismart,1.9337670803070068,136
45,45,RAKFKQLL,AVFDRKSDAK,0.6666666666666666,0.3333333333333333,3,128,20230719_125628,CPUs,4,['beta'],"['length', 'clustcr', 'hamming', 'GIANA', 'gliph2', 'ismart', 'tcrdist3']",True,500,1,0,500,True,DBSCAN,50,0.5,True,,VDJdb,beta,2500,ismart,1.9337670803070068,136
46,121,RAKFKQLL,RAKFKQLL,1.0,1.0,3,128,20230719_125628,CPUs,4,['beta'],"['length', 'clustcr', 'hamming', 'GIANA', 'gliph2', 'ismart', 'tcrdist3']",True,500,1,0,500,True,DBSCAN,50,0.5,True,,VDJdb,beta,2500,ismart,1.9337670803070068,136
47,17,RAKFKQLL,RAKFKQLL,1.0,1.0,3,128,20230719_125628,CPUs,4,['beta'],"['length', 'clustcr', 'hamming', 'GIANA', 'gliph2', 'ismart', 'tcrdist3']",True,500,1,0,500,True,DBSCAN,50,0.5,True,,VDJdb,beta,2500,ismart,1.9337670803070068,136
48,53,GILGFVFTL,GILGFVFTL,1.0,1.0,3,128,20230719_125628,CPUs,4,['beta'],"['length', 'clustcr', 'hamming', 'GIANA', 'gliph2', 'ismart', 'tcrdist3']",True,500,1,0,500,True,DBSCAN,50,0.5,True,,VDJdb,beta,2500,ismart,1.9337670803070068,136
49,131,IVTDFSVIK,IVTDFSVIK,1.0,1.0,3,128,20230719_125628,CPUs,4,['beta'],"['length', 'clustcr', 'hamming', 'GIANA', 'gliph2', 'ismart', 'tcrdist3']",True,500,1,0,500,True,DBSCAN,50,0.5,True,,VDJdb,beta,2500,ismart,1.9337670803070068,136
50,9,GILGFVFTL,GILGFVFTL,0.6666666666666666,0.6666666666666666,3,128,20230719_125628,CPUs,4,['beta'],"['length', 'clustcr', 'hamming', 'GIANA', 'gliph2', 'ismart', 'tcrdist3']",True,500,1,0,500,True,DBSCAN,50,0.5,True,,VDJdb,beta,2500,ismart,1.9337670803070068,136
51,68,AVFDRKSDAK,AVFDRKSDAK,0.3333333333333333,0.3333333333333333,3,128,20230719_125628,CPUs,4,['beta'],"['length', 'clustcr', 'hamming', 'GIANA', 'gliph2', 'ismart', 'tcrdist3']",True,500,1,0,500,True,DBSCAN,50,0.5,True,,VDJdb,beta,2500,ismart,1.9337670803070068,136
52,122,IVTDFSVIK,IVTDFSVIK,1.0,1.0,3,128,20230719_125628,CPUs,4,['beta'],"['length', 'clustcr', 'hamming', 'GIANA', 'gliph2', 'ismart', 'tcrdist3']",True,500,1,0,500,True,DBSCAN,50,0.5,True,,VDJdb,beta,2500,ismart,1.9337670803070068,136
53,46,RAKFKQLL,RAKFKQLL,0.6666666666666666,0.6666666666666666,3,128,20230719_125628,CPUs,4,['beta'],"['length', 'clustcr', 'hamming', 'GIANA', 'gliph2', 'ismart', 'tcrdist3']",True,500,1,0,500,True,DBSCAN,50,0.5,True,,VDJdb,beta,2500,ismart,1.9337670803070068,136
54,87,AVFDRKSDAK,AVFDRKSDAK,0.3333333333333333,0.3333333333333333,3,128,20230719_125628,CPUs,4,['beta'],"['length', 'clustcr', 'hamming', 'GIANA', 'gliph2', 'ismart', 'tcrdist3']",True,500,1,0,500,True,DBSCAN,50,0.5,True,,VDJdb,beta,2500,ismart,1.9337670803070068,136
55,119,RAKFKQLL,RAKFKQLL,0.6666666666666666,0.6666666666666666,3,128,20230719_125628,CPUs,4,['beta'],"['length', 'clustcr', 'hamming', 'GIANA', 'gliph2', 'ismart', 'tcrdist3']",True,500,1,0,500,True,DBSCAN,50,0.5,True,,VDJdb,beta,2500,ismart,1.9337670803070068,136
56,60,IVTDFSVIK,IVTDFSVIK,0.6666666666666666,0.6666666666666666,3,128,20230719_125628,CPUs,4,['beta'],"['length', 'clustcr', 'hamming', 'GIANA', 'gliph2', 'ismart', 'tcrdist3']",True,500,1,0,500,True,DBSCAN,50,0.5,True,,VDJdb,beta,2500,ismart,1.9337670803070068,136
57,93,AVFDRKSDAK,AVFDRKSDAK,0.6666666666666666,0.6666666666666666,3,128,20230719_125628,CPUs,4,['beta'],"['length', 'clustcr', 'hamming', 'GIANA', 'gliph2', 'ismart', 'tcrdist3']",True,500,1,0,500,True,DBSCAN,50,0.5,True,,VDJdb,beta,2500,ismart,1.9337670803070068,136
58,64,RAKFKQLL,RAKFKQLL,0.6666666666666666,0.6666666666666666,3,128,20230719_125628,CPUs,4,['beta'],"['length', 'clustcr', 'hamming', 'GIANA', 'gliph2', 'ismart', 'tcrdist3']",True,500,1,0,500,True,DBSCAN,50,0.5,True,,VDJdb,beta,2500,ismart,1.9337670803070068,136
59,127,IVTDFSVIK,KLGGALQAK,0.5,0.5,2,128,20230719_125628,CPUs,4,['beta'],"['length', 'clustcr', 'hamming', 'GIANA', 'gliph2', 'ismart', 'tcrdist3']",True,500,1,0,500,True,DBSCAN,50,0.5,True,,VDJdb,beta,2500,ismart,1.9337670803070068,136
60,132,IVTDFSVIK,KLGGALQAK,0.5,0.5,2,128,20230719_125628,CPUs,4,['beta'],"['length', 'clustcr', 'hamming', 'GIANA', 'gliph2', 'ismart', 'tcrdist3']",True,500,1,0,500,True,DBSCAN,50,0.5,True,,VDJdb,beta,2500,ismart,1.9337670803070068,136
61,130,IVTDFSVIK,KLGGALQAK,0.5,0.5,2,128,20230719_125628,CPUs,4,['beta'],"['length', 'clustcr', 'hamming', 'GIANA', 'gliph2', 'ismart', 'tcrdist3']",True,500,1,0,500,True,DBSCAN,50,0.5,True,,VDJdb,beta,2500,ismart,1.9337670803070068,136
62,133,IVTDFSVIK,KLGGALQAK,0.5,0.5,2,128,20230719_125628,CPUs,4,['beta'],"['length', 'clustcr', 'hamming', 'GIANA', 'gliph2', 'ismart', 'tcrdist3']",True,500,1,0,500,True,DBSCAN,50,0.5,True,,VDJdb,beta,2500,ismart,1.9337670803070068,136
63,84,IVTDFSVIK,IVTDFSVIK,0.5,0.5,2,128,20230719_125628,CPUs,4,['beta'],"['length', 'clustcr', 'hamming', 'GIANA', 'gliph2', 'ismart', 'tcrdist3']",True,500,1,0,500,True,DBSCAN,50,0.5,True,,VDJdb,beta,2500,ismart,1.9337670803070068,136
64,7,GILGFVFTL,IVTDFSVIK,0.5,0.5,2,128,20230719_125628,CPUs,4,['beta'],"['length', 'clustcr', 'hamming', 'GIANA', 'gliph2', 'ismart', 'tcrdist3']",True,500,1,0,500,True,DBSCAN,50,0.5,True,,VDJdb,beta,2500,ismart,1.9337670803070068,136
65,80,RAKFKQLL,RAKFKQLL,1.0,1.0,2,128,20230719_125628,CPUs,4,['beta'],"['length', 'clustcr', 'hamming', 'GIANA', 'gliph2', 'ismart', 'tcrdist3']",True,500,1,0,500,True,DBSCAN,50,0.5,True,,VDJdb,beta,2500,ismart,1.9337670803070068,136
66,63,RAKFKQLL,RAKFKQLL,1.0,1.0,2,128,20230719_125628,CPUs,4,['beta'],"['length', 'clustcr', 'hamming', 'GIANA', 'gliph2', 'ismart', 'tcrdist3']",True,500,1,0,500,True,DBSCAN,50,0.5,True,,VDJdb,beta,2500,ismart,1.9337670803070068,136
67,65,RAKFKQLL,RAKFKQLL,1.0,1.0,2,128,20230719_125628,CPUs,4,['beta'],"['length', 'clustcr', 'hamming', 'GIANA', 'gliph2', 'ismart', 'tcrdist3']",True,500,1,0,500,True,DBSCAN,50,0.5,True,,VDJdb,beta,2500,ismart,1.9337670803070068,136
68,32,RAKFKQLL,RAKFKQLL,1.0,1.0,2,128,20230719_125628,CPUs,4,['beta'],"['length', 'clustcr', 'hamming', 'GIANA', 'gliph2', 'ismart', 'tcrdist3']",True,500,1,0,500,True,DBSCAN,50,0.5,True,,VDJdb,beta,2500,ismart,1.9337670803070068,136
69,58,RAKFKQLL,RAKFKQLL,1.0,1.0,2,128,20230719_125628,CPUs,4,['beta'],"['length', 'clustcr', 'hamming', 'GIANA', 'gliph2', 'ismart', 'tcrdist3']",True,500,1,0,500,True,DBSCAN,50,0.5,True,,VDJdb,beta,2500,ismart,1.9337670803070068,136
70,124,IVTDFSVIK,IVTDFSVIK,1.0,1.0,2,128,20230719_125628,CPUs,4,['beta'],"['length', 'clustcr', 'hamming', 'GIANA', 'gliph2', 'ismart', 'tcrdist3']",True,500,1,0,500,True,DBSCAN,50,0.5,True,,VDJdb,beta,2500,ismart,1.9337670803070068,136
71,6,GILGFVFTL,GILGFVFTL,1.0,1.0,2,128,20230719_125628,CPUs,4,['beta'],"['length', 'clustcr', 'hamming', 'GIANA', 'gliph2', 'ismart', 'tcrdist3']",True,500,1,0,500,True,DBSCAN,50,0.5,True,,VDJdb,beta,2500,ismart,1.9337670803070068,136
72,24,RAKFKQLL,RAKFKQLL,1.0,1.0,2,128,20230719_125628,CPUs,4,['beta'],"['length', 'clustcr', 'hamming', 'GIANA', 'gliph2', 'ismart', 'tcrdist3']",True,500,1,0,500,True,DBSCAN,50,0.5,True,,VDJdb,beta,2500,ismart,1.9337670803070068,136
73,23,RAKFKQLL,RAKFKQLL,1.0,1.0,2,128,20230719_125628,CPUs,4,['beta'],"['length', 'clustcr', 'hamming', 'GIANA', 'gliph2', 'ismart', 'tcrdist3']",True,500,1,0,500,True,DBSCAN,50,0.5,True,,VDJdb,beta,2500,ismart,1.9337670803070068,136
74,35,RAKFKQLL,RAKFKQLL,1.0,1.0,2,128,20230719_125628,CPUs,4,['beta'],"['length', 'clustcr', 'hamming', 'GIANA', 'gliph2', 'ismart', 'tcrdist3']",True,500,1,0,500,True,DBSCAN,50,0.5,True,,VDJdb,beta,2500,ismart,1.9337670803070068,136
75,22,RAKFKQLL,RAKFKQLL,1.0,1.0,2,128,20230719_125628,CPUs,4,['beta'],"['length', 'clustcr', 'hamming', 'GIANA', 'gliph2', 'ismart', 'tcrdist3']",True,500,1,0,500,True,DBSCAN,50,0.5,True,,VDJdb,beta,2500,ismart,1.9337670803070068,136
76,20,RAKFKQLL,RAKFKQLL,1.0,1.0,2,128,20230719_125628,CPUs,4,['beta'],"['length', 'clustcr', 'hamming', 'GIANA', 'gliph2', 'ismart', 'tcrdist3']",True,500,1,0,500,True,DBSCAN,50,0.5,True,,VDJdb,beta,2500,ismart,1.9337670803070068,136
77,37,RAKFKQLL,RAKFKQLL,1.0,1.0,2,128,20230719_125628,CPUs,4,['beta'],"['length', 'clustcr', 'hamming', 'GIANA', 'gliph2', 'ismart', 'tcrdist3']",True,500,1,0,500,True,DBSCAN,50,0.5,True,,VDJdb,beta,2500,ismart,1.9337670803070068,136
78,18,RAKFKQLL,RAKFKQLL,1.0,1.0,2,128,20230719_125628,CPUs,4,['beta'],"['length', 'clustcr', 'hamming', 'GIANA', 'gliph2', 'ismart', 'tcrdist3']",True,500,1,0,500,True,DBSCAN,50,0.5,True,,VDJdb,beta,2500,ismart,1.9337670803070068,136
79,134,IVTDFSVIK,KLGGALQAK,0.5,0.5,2,128,20230719_125628,CPUs,4,['beta'],"['length', 'clustcr', 'hamming', 'GIANA', 'gliph2', 'ismart', 'tcrdist3']",True,500,1,0,500,True,DBSCAN,50,0.5,True,,VDJdb,beta,2500,ismart,1.9337670803070068,136
80,40,RAKFKQLL,RAKFKQLL,1.0,1.0,2,128,20230719_125628,CPUs,4,['beta'],"['length', 'clustcr', 'hamming', 'GIANA', 'gliph2', 'ismart', 'tcrdist3']",True,500,1,0,500,True,DBSCAN,50,0.5,True,,VDJdb,beta,2500,ismart,1.9337670803070068,136
81,73,RAKFKQLL,RAKFKQLL,1.0,1.0,2,128,20230719_125628,CPUs,4,['beta'],"['length', 'clustcr', 'hamming', 'GIANA', 'gliph2', 'ismart', 'tcrdist3']",True,500,1,0,500,True,DBSCAN,50,0.5,True,,VDJdb,beta,2500,ismart,1.9337670803070068,136
82,82,KLGGALQAK,KLGGALQAK,0.5,0.5,2,128,20230719_125628,CPUs,4,['beta'],"['length', 'clustcr', 'hamming', 'GIANA', 'gliph2', 'ismart', 'tcrdist3']",True,500,1,0,500,True,DBSCAN,50,0.5,True,,VDJdb,beta,2500,ismart,1.9337670803070068,136
83,29,KLGGALQAK,KLGGALQAK,0.5,0.5,2,128,20230719_125628,CPUs,4,['beta'],"['length', 'clustcr', 'hamming', 'GIANA', 'gliph2', 'ismart', 'tcrdist3']",True,500,1,0,500,True,DBSCAN,50,0.5,True,,VDJdb,beta,2500,ismart,1.9337670803070068,136
84,135,KLGGALQAK,KLGGALQAK,1.0,1.0,2,128,20230719_125628,CPUs,4,['beta'],"['length', 'clustcr', 'hamming', 'GIANA', 'gliph2', 'ismart', 'tcrdist3']",True,500,1,0,500,True,DBSCAN,50,0.5,True,,VDJdb,beta,2500,ismart,1.9337670803070068,136
85,52,KLGGALQAK,KLGGALQAK,0.5,0.5,2,128,20230719_125628,CPUs,4,['beta'],"['length', 'clustcr', 'hamming', 'GIANA', 'gliph2', 'ismart', 'tcrdist3']",True,500,1,0,500,True,DBSCAN,50,0.5,True,,VDJdb,beta,2500,ismart,1.9337670803070068,136
86,3,IVTDFSVIK,IVTDFSVIK,0.5,0.5,2,128,20230719_125628,CPUs,4,['beta'],"['length', 'clustcr', 'hamming', 'GIANA', 'gliph2', 'ismart', 'tcrdist3']",True,500,1,0,500,True,DBSCAN,50,0.5,True,,VDJdb,beta,2500,ismart,1.9337670803070068,136
87,125,IVTDFSVIK,KLGGALQAK,0.5,0.5,2,128,20230719_125628,CPUs,4,['beta'],"['length', 'clustcr', 'hamming', 'GIANA', 'gliph2', 'ismart', 'tcrdist3']",True,500,1,0,500,True,DBSCAN,50,0.5,True,,VDJdb,beta,2500,ismart,1.9337670803070068,136
88,113,AVFDRKSDAK,AVFDRKSDAK,1.0,1.0,2,128,20230719_125628,CPUs,4,['beta'],"['length', 'clustcr', 'hamming', 'GIANA', 'gliph2', 'ismart', 'tcrdist3']",True,500,1,0,500,True,DBSCAN,50,0.5,True,,VDJdb,beta,2500,ismart,1.9337670803070068,136
89,123,IVTDFSVIK,IVTDFSVIK,0.5,0.5,2,128,20230719_125628,CPUs,4,['beta'],"['length', 'clustcr', 'hamming', 'GIANA', 'gliph2', 'ismart', 'tcrdist3']",True,500,1,0,500,True,DBSCAN,50,0.5,True,,VDJdb,beta,2500,ismart,1.9337670803070068,136
90,83,GILGFVFTL,GILGFVFTL,1.0,1.0,2,128,20230719_125628,CPUs,4,['beta'],"['length', 'clustcr', 'hamming', 'GIANA', 'gliph2', 'ismart', 'tcrdist3']",True,500,1,0,500,True,DBSCAN,50,0.5,True,,VDJdb,beta,2500,ismart,1.9337670803070068,136
91,98,AVFDRKSDAK,AVFDRKSDAK,0.5,0.5,2,128,20230719_125628,CPUs,4,['beta'],"['length', 'clustcr', 'hamming', 'GIANA', 'gliph2', 'ismart', 'tcrdist3']",True,500,1,0,500,True,DBSCAN,50,0.5,True,,VDJdb,beta,2500,ismart,1.9337670803070068,136
92,97,AVFDRKSDAK,AVFDRKSDAK,1.0,1.0,2,128,20230719_125628,CPUs,4,['beta'],"['length', 'clustcr', 'hamming', 'GIANA', 'gliph2', 'ismart', 'tcrdist3']",True,500,1,0,500,True,DBSCAN,50,0.5,True,,VDJdb,beta,2500,ismart,1.9337670803070068,136
93,94,AVFDRKSDAK,AVFDRKSDAK,1.0,1.0,2,128,20230719_125628,CPUs,4,['beta'],"['length', 'clustcr', 'hamming', 'GIANA', 'gliph2', 'ismart', 'tcrdist3']",True,500,1,0,500,True,DBSCAN,50,0.5,True,,VDJdb,beta,2500,ismart,1.9337670803070068,136
94,92,AVFDRKSDAK,AVFDRKSDAK,1.0,1.0,2,128,20230719_125628,CPUs,4,['beta'],"['length', 'clustcr', 'hamming', 'GIANA', 'gliph2', 'ismart', 'tcrdist3']",True,500,1,0,500,True,DBSCAN,50,0.5,True,,VDJdb,beta,2500,ismart,1.9337670803070068,136
95,66,AVFDRKSDAK,AVFDRKSDAK,0.5,0.5,2,128,20230719_125628,CPUs,4,['beta'],"['length', 'clustcr', 'hamming', 'GIANA', 'gliph2', 'ismart', 'tcrdist3']",True,500,1,0,500,True,DBSCAN,50,0.5,True,,VDJdb,beta,2500,ismart,1.9337670803070068,136
96,90,AVFDRKSDAK,AVFDRKSDAK,1.0,1.0,2,128,20230719_125628,CPUs,4,['beta'],"['length', 'clustcr', 'hamming', 'GIANA', 'gliph2', 'ismart', 'tcrdist3']",True,500,1,0,500,True,DBSCAN,50,0.5,True,,VDJdb,beta,2500,ismart,1.9337670803070068,136
97,11,GILGFVFTL,GILGFVFTL,1.0,1.0,2,128,20230719_125628,CPUs,4,['beta'],"['length', 'clustcr', 'hamming', 'GIANA', 'gliph2', 'ismart', 'tcrdist3']",True,500,1,0,500,True,DBSCAN,50,0.5,True,,VDJdb,beta,2500,ismart,1.9337670803070068,136
98,78,GILGFVFTL,RAKFKQLL,0.5,0.5,2,128,20230719_125628,CPUs,4,['beta'],"['length', 'clustcr', 'hamming', 'GIANA', 'gliph2', 'ismart', 'tcrdist3']",True,500,1,0,500,True,DBSCAN,50,0.5,True,,VDJdb,beta,2500,ismart,1.9337670803070068,136
99,89,GILGFVFTL,IVTDFSVIK,0.5,0.5,2,128,20230719_125628,CPUs,4,['beta'],"['length', 'clustcr', 'hamming', 'GIANA', 'gliph2', 'ismart', 'tcrdist3']",True,500,1,0,500,True,DBSCAN,50,0.5,True,,VDJdb,beta,2500,ismart,1.9337670803070068,136
100,76,GILGFVFTL,GILGFVFTL,1.0,1.0,2,128,20230719_125628,CPUs,4,['beta'],"['length', 'clustcr', 'hamming', 'GIANA', 'gliph2', 'ismart', 'tcrdist3']",True,500,1,0,500,True,DBSCAN,50,0.5,True,,VDJdb,beta,2500,ismart,1.9337670803070068,136
101,100,AVFDRKSDAK,AVFDRKSDAK,0.5,0.5,2,128,20230719_125628,CPUs,4,['beta'],"['length', 'clustcr', 'hamming', 'GIANA', 'gliph2', 'ismart', 'tcrdist3']",True,500,1,0,500,True,DBSCAN,50,0.5,True,,VDJdb,beta,2500,ismart,1.9337670803070068,136
102,75,GILGFVFTL,RAKFKQLL,0.5,0.5,2,128,20230719_125628,CPUs,4,['beta'],"['length', 'clustcr', 'hamming', 'GIANA', 'gliph2', 'ismart', 'tcrdist3']",True,500,1,0,500,True,DBSCAN,50,0.5,True,,VDJdb,beta,2500,ismart,1.9337670803070068,136
103,30,GILGFVFTL,RAKFKQLL,0.5,0.5,2,128,20230719_125628,CPUs,4,['beta'],"['length', 'clustcr', 'hamming', 'GIANA', 'gliph2', 'ismart', 'tcrdist3']",True,500,1,0,500,True,DBSCAN,50,0.5,True,,VDJdb,beta,2500,ismart,1.9337670803070068,136
104,33,GILGFVFTL,GILGFVFTL,1.0,1.0,2,128,20230719_125628,CPUs,4,['beta'],"['length', 'clustcr', 'hamming', 'GIANA', 'gliph2', 'ismart', 'tcrdist3']",True,500,1,0,500,True,DBSCAN,50,0.5,True,,VDJdb,beta,2500,ismart,1.9337670803070068,136
105,128,GILGFVFTL,GILGFVFTL,1.0,1.0,2,128,20230719_125628,CPUs,4,['beta'],"['length', 'clustcr', 'hamming', 'GIANA', 'gliph2', 'ismart', 'tcrdist3']",True,500,1,0,500,True,DBSCAN,50,0.5,True,,VDJdb,beta,2500,ismart,1.9337670803070068,136
106,77,GILGFVFTL,GILGFVFTL,1.0,1.0,2,128,20230719_125628,CPUs,4,['beta'],"['length', 'clustcr', 'hamming', 'GIANA', 'gliph2', 'ismart', 'tcrdist3']",True,500,1,0,500,True,DBSCAN,50,0.5,True,,VDJdb,beta,2500,ismart,1.9337670803070068,136
107,59,GILGFVFTL,IVTDFSVIK,0.5,0.5,2,128,20230719_125628,CPUs,4,['beta'],"['length', 'clustcr', 'hamming', 'GIANA', 'gliph2', 'ismart', 'tcrdist3']",True,500,1,0,500,True,DBSCAN,50,0.5,True,,VDJdb,beta,2500,ismart,1.9337670803070068,136
108,34,GILGFVFTL,RAKFKQLL,0.5,0.5,2,128,20230719_125628,CPUs,4,['beta'],"['length', 'clustcr', 'hamming', 'GIANA', 'gliph2', 'ismart', 'tcrdist3']",True,500,1,0,500,True,DBSCAN,50,0.5,True,,VDJdb,beta,2500,ismart,1.9337670803070068,136
109,50,GILGFVFTL,GILGFVFTL,1.0,1.0,2,128,20230719_125628,CPUs,4,['beta'],"['length', 'clustcr', 'hamming', 'GIANA', 'gliph2', 'ismart', 'tcrdist3']",True,500,1,0,500,True,DBSCAN,50,0.5,True,,VDJdb,beta,2500,ismart,1.9337670803070068,136
110,43,GILGFVFTL,GILGFVFTL,1.0,1.0,2,128,20230719_125628,CPUs,4,['beta'],"['length', 'clustcr', 'hamming', 'GIANA', 'gliph2', 'ismart', 'tcrdist3']",True,500,1,0,500,True,DBSCAN,50,0.5,True,,VDJdb,beta,2500,ismart,1.9337670803070068,136
111,99,AVFDRKSDAK,KLGGALQAK,0.5,0.5,2,128,20230719_125628,CPUs,4,['beta'],"['length', 'clustcr', 'hamming', 'GIANA', 'gliph2', 'ismart', 'tcrdist3']",True,500,1,0,500,True,DBSCAN,50,0.5,True,,VDJdb,beta,2500,ismart,1.9337670803070068,136
112,101,AVFDRKSDAK,KLGGALQAK,0.5,0.5,2,128,20230719_125628,CPUs,4,['beta'],"['length', 'clustcr', 'hamming', 'GIANA', 'gliph2', 'ismart', 'tcrdist3']",True,500,1,0,500,True,DBSCAN,50,0.5,True,,VDJdb,beta,2500,ismart,1.9337670803070068,136
113,74,IVTDFSVIK,IVTDFSVIK,0.5,0.5,2,128,20230719_125628,CPUs,4,['beta'],"['length', 'clustcr', 'hamming', 'GIANA', 'gliph2', 'ismart', 'tcrdist3']",True,500,1,0,500,True,DBSCAN,50,0.5,True,,VDJdb,beta,2500,ismart,1.9337670803070068,136
114,79,AVFDRKSDAK,AVFDRKSDAK,0.5,0.5,2,128,20230719_125628,CPUs,4,['beta'],"['length', 'clustcr', 'hamming', 'GIANA', 'gliph2', 'ismart', 'tcrdist3']",True,500,1,0,500,True,DBSCAN,50,0.5,True,,VDJdb,beta,2500,ismart,1.9337670803070068,136
115,120,IVTDFSVIK,IVTDFSVIK,1.0,1.0,2,128,20230719_125628,CPUs,4,['beta'],"['length', 'clustcr', 'hamming', 'GIANA', 'gliph2', 'ismart', 'tcrdist3']",True,500,1,0,500,True,DBSCAN,50,0.5,True,,VDJdb,beta,2500,ismart,1.9337670803070068,136
116,67,AVFDRKSDAK,AVFDRKSDAK,0.5,0.5,2,128,20230719_125628,CPUs,4,['beta'],"['length', 'clustcr', 'hamming', 'GIANA', 'gliph2', 'ismart', 'tcrdist3']",True,500,1,0,500,True,DBSCAN,50,0.5,True,,VDJdb,beta,2500,ismart,1.9337670803070068,136
117,117,AVFDRKSDAK,AVFDRKSDAK,0.5,0.5,2,128,20230719_125628,CPUs,4,['beta'],"['length', 'clustcr', 'hamming', 'GIANA', 'gliph2', 'ismart', 'tcrdist3']",True,500,1,0,500,True,DBSCAN,50,0.5,True,,VDJdb,beta,2500,ismart,1.9337670803070068,136
118,116,AVFDRKSDAK,KLGGALQAK,0.5,0.5,2,128,20230719_125628,CPUs,4,['beta'],"['length', 'clustcr', 'hamming', 'GIANA', 'gliph2', 'ismart', 'tcrdist3']",True,500,1,0,500,True,DBSCAN,50,0.5,True,,VDJdb,beta,2500,ismart,1.9337670803070068,136
119,115,AVFDRKSDAK,KLGGALQAK,0.5,0.5,2,128,20230719_125628,CPUs,4,['beta'],"['length', 'clustcr', 'hamming', 'GIANA', 'gliph2', 'ismart', 'tcrdist3']",True,500,1,0,500,True,DBSCAN,50,0.5,True,,VDJdb,beta,2500,ismart,1.9337670803070068,136
120,114,AVFDRKSDAK,AVFDRKSDAK,1.0,1.0,2,128,20230719_125628,CPUs,4,['beta'],"['length', 'clustcr', 'hamming', 'GIANA', 'gliph2', 'ismart', 'tcrdist3']",True,500,1,0,500,True,DBSCAN,50,0.5,True,,VDJdb,beta,2500,ismart,1.9337670803070068,136
121,42,GILGFVFTL,IVTDFSVIK,0.5,0.5,2,128,20230719_125628,CPUs,4,['beta'],"['length', 'clustcr', 'hamming', 'GIANA', 'gliph2', 'ismart', 'tcrdist3']",True,500,1,0,500,True,DBSCAN,50,0.5,True,,VDJdb,beta,2500,ismart,1.9337670803070068,136
122,72,AVFDRKSDAK,AVFDRKSDAK,0.5,0.5,2,128,20230719_125628,CPUs,4,['beta'],"['length', 'clustcr', 'hamming', 'GIANA', 'gliph2', 'ismart', 'tcrdist3']",True,500,1,0,500,True,DBSCAN,50,0.5,True,,VDJdb,beta,2500,ismart,1.9337670803070068,136
123,112,AVFDRKSDAK,KLGGALQAK,0.5,0.5,2,128,20230719_125628,CPUs,4,['beta'],"['length', 'clustcr', 'hamming', 'GIANA', 'gliph2', 'ismart', 'tcrdist3']",True,500,1,0,500,True,DBSCAN,50,0.5,True,,VDJdb,beta,2500,ismart,1.9337670803070068,136
124,88,AVFDRKSDAK,AVFDRKSDAK,0.5,0.5,2,128,20230719_125628,CPUs,4,['beta'],"['length', 'clustcr', 'hamming', 'GIANA', 'gliph2', 'ismart', 'tcrdist3']",True,500,1,0,500,True,DBSCAN,50,0.5,True,,VDJdb,beta,2500,ismart,1.9337670803070068,136
125,102,AVFDRKSDAK,AVFDRKSDAK,0.5,0.5,2,128,20230719_125628,CPUs,4,['beta'],"['length', 'clustcr', 'hamming', 'GIANA', 'gliph2', 'ismart', 'tcrdist3']",True,500,1,0,500,True,DBSCAN,50,0.5,True,,VDJdb,beta,2500,ismart,1.9337670803070068,136
126,111,AVFDRKSDAK,AVFDRKSDAK,0.5,0.5,2,128,20230719_125628,CPUs,4,['beta'],"['length', 'clustcr', 'hamming', 'GIANA', 'gliph2', 'ismart', 'tcrdist3']",True,500,1,0,500,True,DBSCAN,50,0.5,True,,VDJdb,beta,2500,ismart,1.9337670803070068,136
127,21,AVFDRKSDAK,AVFDRKSDAK,0.5,0.5,2,128,20230719_125628,CPUs,4,['beta'],"['length', 'clustcr', 'hamming', 'GIANA', 'gliph2', 'ismart', 'tcrdist3']",True,500,1,0,500,True,DBSCAN,50,0.5,True,,VDJdb,beta,2500,ismart,1.9337670803070068,136
128,110,AVFDRKSDAK,AVFDRKSDAK,0.5,0.5,2,128,20230719_125628,CPUs,4,['beta'],"['length', 'clustcr', 'hamming', 'GIANA', 'gliph2', 'ismart', 'tcrdist3']",True,500,1,0,500,True,DBSCAN,50,0.5,True,,VDJdb,beta,2500,ismart,1.9337670803070068,136
129,108,AVFDRKSDAK,AVFDRKSDAK,0.5,0.5,2,128,20230719_125628,CPUs,4,['beta'],"['length', 'clustcr', 'hamming', 'GIANA', 'gliph2', 'ismart', 'tcrdist3']",True,500,1,0,500,True,DBSCAN,50,0.5,True,,VDJdb,beta,2500,ismart,1.9337670803070068,136
130,107,AVFDRKSDAK,AVFDRKSDAK,0.5,0.5,2,128,20230719_125628,CPUs,4,['beta'],"['length', 'clustcr', 'hamming', 'GIANA', 'gliph2', 'ismart', 'tcrdist3']",True,500,1,0,500,True,DBSCAN,50,0.5,True,,VDJdb,beta,2500,ismart,1.9337670803070068,136
131,106,AVFDRKSDAK,KLGGALQAK,0.5,0.5,2,128,20230719_125628,CPUs,4,['beta'],"['length', 'clustcr', 'hamming', 'GIANA', 'gliph2', 'ismart', 'tcrdist3']",True,500,1,0,500,True,DBSCAN,50,0.5,True,,VDJdb,beta,2500,ismart,1.9337670803070068,136
132,105,AVFDRKSDAK,KLGGALQAK,0.5,0.5,2,128,20230719_125628,CPUs,4,['beta'],"['length', 'clustcr', 'hamming', 'GIANA', 'gliph2', 'ismart', 'tcrdist3']",True,500,1,0,500,True,DBSCAN,50,0.5,True,,VDJdb,beta,2500,ismart,1.9337670803070068,136
133,104,AVFDRKSDAK,KLGGALQAK,0.5,0.5,2,128,20230719_125628,CPUs,4,['beta'],"['length', 'clustcr', 'hamming', 'GIANA', 'gliph2', 'ismart', 'tcrdist3']",True,500,1,0,500,True,DBSCAN,50,0.5,True,,VDJdb,beta,2500,ismart,1.9337670803070068,136
134,103,AVFDRKSDAK,KLGGALQAK,0.5,0.5,2,128,20230719_125628,CPUs,4,['beta'],"['length', 'clustcr', 'hamming', 'GIANA', 'gliph2', 'ismart', 'tcrdist3']",True,500,1,0,500,True,DBSCAN,50,0.5,True,,VDJdb,beta,2500,ismart,1.9337670803070068,136
135,70,RAKFKQLL,RAKFKQLL,1.0,1.0,2,128,20230719_125628,CPUs,4,['beta'],"['length', 'clustcr', 'hamming', 'GIANA', 'gliph2', 'ismart', 'tcrdist3']",True,500,1,0,500,True,DBSCAN,50,0.5,True,,VDJdb,beta,2500,ismart,1.9337670803070068,136
0,4,KLGGALQAK,KLGGALQAK,0.218,0.218,500,0,20230719_125628,CPUs,4,['beta'],"['length', 'clustcr', 'hamming', 'GIANA', 'gliph2', 'ismart', 'tcrdist3']",True,500,1,0,500,True,DBSCAN,50,0.5,True,,VDJdb,beta,2500,random,0.001413583755493164,5
1,2,AVFDRKSDAK,AVFDRKSDAK,0.22,0.22,500,0,20230719_125628,CPUs,4,['beta'],"['length', 'clustcr', 'hamming', 'GIANA', 'gliph2', 'ismart', 'tcrdist3']",True,500,1,0,500,True,DBSCAN,50,0.5,True,,VDJdb,beta,2500,random,0.001413583755493164,5
2,0,RAKFKQLL,RAKFKQLL,0.214,0.214,500,0,20230719_125628,CPUs,4,['beta'],"['length', 'clustcr', 'hamming', 'GIANA', 'gliph2', 'ismart', 'tcrdist3']",True,500,1,0,500,True,DBSCAN,50,0.5,True,,VDJdb,beta,2500,random,0.001413583755493164,5
3,3,KLGGALQAK,KLGGALQAK,0.216,0.216,500,0,20230719_125628,CPUs,4,['beta'],"['length', 'clustcr', 'hamming', 'GIANA', 'gliph2', 'ismart', 'tcrdist3']",True,500,1,0,500,True,DBSCAN,50,0.5,True,,VDJdb,beta,2500,random,0.001413583755493164,5
4,1,GILGFVFTL,GILGFVFTL,0.218,0.218,500,0,20230719_125628,CPUs,4,['beta'],"['length', 'clustcr', 'hamming', 'GIANA', 'gliph2', 'ismart', 'tcrdist3']",True,500,1,0,500,True,DBSCAN,50,0.5,True,,VDJdb,beta,2500,random,0.001413583755493164,5
0,63.0,IVTDFSVIK,IVTDFSVIK,0.9652173913043478,0.9652173913043478,115,143,20230719_125628,CPUs,4,['beta'],"['length', 'clustcr', 'hamming', 'GIANA', 'gliph2', 'ismart', 'tcrdist3']",True,500,1,0,500,True,DBSCAN,50,0.5,True,,VDJdb,beta,2500,tcrdist3,"[6.658946990966797, 0.3090701103210449]",149
1,1.0,RAKFKQLL,RAKFKQLL,0.85,0.85,60,143,20230719_125628,CPUs,4,['beta'],"['length', 'clustcr', 'hamming', 'GIANA', 'gliph2', 'ismart', 'tcrdist3']",True,500,1,0,500,True,DBSCAN,50,0.5,True,,VDJdb,beta,2500,tcrdist3,"[6.658946990966797, 0.3090701103210449]",149
2,0.0,GILGFVFTL,GILGFVFTL,0.9107142857142857,0.9107142857142857,56,143,20230719_125628,CPUs,4,['beta'],"['length', 'clustcr', 'hamming', 'GIANA', 'gliph2', 'ismart', 'tcrdist3']",True,500,1,0,500,True,DBSCAN,50,0.5,True,,VDJdb,beta,2500,tcrdist3,"[6.658946990966797, 0.3090701103210449]",149
3,41.0,RAKFKQLL,RAKFKQLL,0.9117647058823529,0.9117647058823529,34,143,20230719_125628,CPUs,4,['beta'],"['length', 'clustcr', 'hamming', 'GIANA', 'gliph2', 'ismart', 'tcrdist3']",True,500,1,0,500,True,DBSCAN,50,0.5,True,,VDJdb,beta,2500,tcrdist3,"[6.658946990966797, 0.3090701103210449]",149
4,94.0,IVTDFSVIK,IVTDFSVIK,1.0,1.0,25,143,20230719_125628,CPUs,4,['beta'],"['length', 'clustcr', 'hamming', 'GIANA', 'gliph2', 'ismart', 'tcrdist3']",True,500,1,0,500,True,DBSCAN,50,0.5,True,,VDJdb,beta,2500,tcrdist3,"[6.658946990966797, 0.3090701103210449]",149
5,5.0,GILGFVFTL,GILGFVFTL,1.0,1.0,12,143,20230719_125628,CPUs,4,['beta'],"['length', 'clustcr', 'hamming', 'GIANA', 'gliph2', 'ismart', 'tcrdist3']",True,500,1,0,500,True,DBSCAN,50,0.5,True,,VDJdb,beta,2500,tcrdist3,"[6.658946990966797, 0.3090701103210449]",149
6,134.0,RAKFKQLL,RAKFKQLL,1.0,1.0,10,143,20230719_125628,CPUs,4,['beta'],"['length', 'clustcr', 'hamming', 'GIANA', 'gliph2', 'ismart', 'tcrdist3']",True,500,1,0,500,True,DBSCAN,50,0.5,True,,VDJdb,beta,2500,tcrdist3,"[6.658946990966797, 0.3090701103210449]",149
7,9.0,GILGFVFTL,GILGFVFTL,1.0,1.0,10,143,20230719_125628,CPUs,4,['beta'],"['length', 'clustcr', 'hamming', 'GIANA', 'gliph2', 'ismart', 'tcrdist3']",True,500,1,0,500,True,DBSCAN,50,0.5,True,,VDJdb,beta,2500,tcrdist3,"[6.658946990966797, 0.3090701103210449]",149
8,60.0,AVFDRKSDAK,AVFDRKSDAK,0.8,0.8,10,143,20230719_125628,CPUs,4,['beta'],"['length', 'clustcr', 'hamming', 'GIANA', 'gliph2', 'ismart', 'tcrdist3']",True,500,1,0,500,True,DBSCAN,50,0.5,True,,VDJdb,beta,2500,tcrdist3,"[6.658946990966797, 0.3090701103210449]",149
9,102.0,RAKFKQLL,RAKFKQLL,0.8888888888888888,0.8888888888888888,9,143,20230719_125628,CPUs,4,['beta'],"['length', 'clustcr', 'hamming', 'GIANA', 'gliph2', 'ismart', 'tcrdist3']",True,500,1,0,500,True,DBSCAN,50,0.5,True,,VDJdb,beta,2500,tcrdist3,"[6.658946990966797, 0.3090701103210449]",149
10,52.0,RAKFKQLL,RAKFKQLL,0.8888888888888888,0.8888888888888888,9,143,20230719_125628,CPUs,4,['beta'],"['length', 'clustcr', 'hamming', 'GIANA', 'gliph2', 'ismart', 'tcrdist3']",True,500,1,0,500,True,DBSCAN,50,0.5,True,,VDJdb,beta,2500,tcrdist3,"[6.658946990966797, 0.3090701103210449]",149
11,55.0,RAKFKQLL,RAKFKQLL,0.875,0.875,8,143,20230719_125628,CPUs,4,['beta'],"['length', 'clustcr', 'hamming', 'GIANA', 'gliph2', 'ismart', 'tcrdist3']",True,500,1,0,500,True,DBSCAN,50,0.5,True,,VDJdb,beta,2500,tcrdist3,"[6.658946990966797, 0.3090701103210449]",149
12,19.0,GILGFVFTL,GILGFVFTL,1.0,1.0,8,143,20230719_125628,CPUs,4,['beta'],"['length', 'clustcr', 'hamming', 'GIANA', 'gliph2', 'ismart', 'tcrdist3']",True,500,1,0,500,True,DBSCAN,50,0.5,True,,VDJdb,beta,2500,tcrdist3,"[6.658946990966797, 0.3090701103210449]",149
13,67.0,AVFDRKSDAK,AVFDRKSDAK,0.7142857142857143,0.7142857142857143,7,143,20230719_125628,CPUs,4,['beta'],"['length', 'clustcr', 'hamming', 'GIANA', 'gliph2', 'ismart', 'tcrdist3']",True,500,1,0,500,True,DBSCAN,50,0.5,True,,VDJdb,beta,2500,tcrdist3,"[6.658946990966797, 0.3090701103210449]",149
14,8.0,GILGFVFTL,GILGFVFTL,1.0,1.0,7,143,20230719_125628,CPUs,4,['beta'],"['length', 'clustcr', 'hamming', 'GIANA', 'gliph2', 'ismart', 'tcrdist3']",True,500,1,0,500,True,DBSCAN,50,0.5,True,,VDJdb,beta,2500,tcrdist3,"[6.658946990966797, 0.3090701103210449]",149
15,28.0,GILGFVFTL,GILGFVFTL,1.0,1.0,7,143,20230719_125628,CPUs,4,['beta'],"['length', 'clustcr', 'hamming', 'GIANA', 'gliph2', 'ismart', 'tcrdist3']",True,500,1,0,500,True,DBSCAN,50,0.5,True,,VDJdb,beta,2500,tcrdist3,"[6.658946990966797, 0.3090701103210449]",149
16,30.0,GILGFVFTL,GILGFVFTL,1.0,1.0,6,143,20230719_125628,CPUs,4,['beta'],"['length', 'clustcr', 'hamming', 'GIANA', 'gliph2', 'ismart', 'tcrdist3']",True,500,1,0,500,True,DBSCAN,50,0.5,True,,VDJdb,beta,2500,tcrdist3,"[6.658946990966797, 0.3090701103210449]",149
17,75.0,AVFDRKSDAK,AVFDRKSDAK,0.5,0.5,6,143,20230719_125628,CPUs,4,['beta'],"['length', 'clustcr', 'hamming', 'GIANA', 'gliph2', 'ismart', 'tcrdist3']",True,500,1,0,500,True,DBSCAN,50,0.5,True,,VDJdb,beta,2500,tcrdist3,"[6.658946990966797, 0.3090701103210449]",149
18,12.0,RAKFKQLL,RAKFKQLL,0.8333333333333334,0.8333333333333334,6,143,20230719_125628,CPUs,4,['beta'],"['length', 'clustcr', 'hamming', 'GIANA', 'gliph2', 'ismart', 'tcrdist3']",True,500,1,0,500,True,DBSCAN,50,0.5,True,,VDJdb,beta,2500,tcrdist3,"[6.658946990966797, 0.3090701103210449]",149
19,117.0,RAKFKQLL,RAKFKQLL,0.8333333333333334,0.8333333333333334,6,143,20230719_125628,CPUs,4,['beta'],"['length', 'clustcr', 'hamming', 'GIANA', 'gliph2', 'ismart', 'tcrdist3']",True,500,1,0,500,True,DBSCAN,50,0.5,True,,VDJdb,beta,2500,tcrdist3,"[6.658946990966797, 0.3090701103210449]",149
20,114.0,IVTDFSVIK,KLGGALQAK,0.3333333333333333,0.3333333333333333,6,143,20230719_125628,CPUs,4,['beta'],"['length', 'clustcr', 'hamming', 'GIANA', 'gliph2', 'ismart', 'tcrdist3']",True,500,1,0,500,True,DBSCAN,50,0.5,True,,VDJdb,beta,2500,tcrdist3,"[6.658946990966797, 0.3090701103210449]",149
21,23.0,RAKFKQLL,RAKFKQLL,0.6666666666666666,0.6666666666666666,6,143,20230719_125628,CPUs,4,['beta'],"['length', 'clustcr', 'hamming', 'GIANA', 'gliph2', 'ismart', 'tcrdist3']",True,500,1,0,500,True,DBSCAN,50,0.5,True,,VDJdb,beta,2500,tcrdist3,"[6.658946990966797, 0.3090701103210449]",149
22,7.0,GILGFVFTL,GILGFVFTL,1.0,1.0,6,143,20230719_125628,CPUs,4,['beta'],"['length', 'clustcr', 'hamming', 'GIANA', 'gliph2', 'ismart', 'tcrdist3']",True,500,1,0,500,True,DBSCAN,50,0.5,True,,VDJdb,beta,2500,tcrdist3,"[6.658946990966797, 0.3090701103210449]",149
23,83.0,IVTDFSVIK,KLGGALQAK,0.3333333333333333,0.16666666666666666,6,143,20230719_125628,CPUs,4,['beta'],"['length', 'clustcr', 'hamming', 'GIANA', 'gliph2', 'ismart', 'tcrdist3']",True,500,1,0,500,True,DBSCAN,50,0.5,True,,VDJdb,beta,2500,tcrdist3,"[6.658946990966797, 0.3090701103210449]",149
24,40.0,GILGFVFTL,GILGFVFTL,0.5,0.5,6,143,20230719_125628,CPUs,4,['beta'],"['length', 'clustcr', 'hamming', 'GIANA', 'gliph2', 'ismart', 'tcrdist3']",True,500,1,0,500,True,DBSCAN,50,0.5,True,,VDJdb,beta,2500,tcrdist3,"[6.658946990966797, 0.3090701103210449]",149
25,71.0,KLGGALQAK,KLGGALQAK,0.8,0.8,5,143,20230719_125628,CPUs,4,['beta'],"['length', 'clustcr', 'hamming', 'GIANA', 'gliph2', 'ismart', 'tcrdist3']",True,500,1,0,500,True,DBSCAN,50,0.5,True,,VDJdb,beta,2500,tcrdist3,"[6.658946990966797, 0.3090701103210449]",149
26,112.0,RAKFKQLL,RAKFKQLL,0.8,0.8,5,143,20230719_125628,CPUs,4,['beta'],"['length', 'clustcr', 'hamming', 'GIANA', 'gliph2', 'ismart', 'tcrdist3']",True,500,1,0,500,True,DBSCAN,50,0.5,True,,VDJdb,beta,2500,tcrdist3,"[6.658946990966797, 0.3090701103210449]",149
27,127.0,RAKFKQLL,RAKFKQLL,1.0,1.0,5,143,20230719_125628,CPUs,4,['beta'],"['length', 'clustcr', 'hamming', 'GIANA', 'gliph2', 'ismart', 'tcrdist3']",True,500,1,0,500,True,DBSCAN,50,0.5,True,,VDJdb,beta,2500,tcrdist3,"[6.658946990966797, 0.3090701103210449]",149
28,46.0,GILGFVFTL,GILGFVFTL,1.0,1.0,5,143,20230719_125628,CPUs,4,['beta'],"['length', 'clustcr', 'hamming', 'GIANA', 'gliph2', 'ismart', 'tcrdist3']",True,500,1,0,500,True,DBSCAN,50,0.5,True,,VDJdb,beta,2500,tcrdist3,"[6.658946990966797, 0.3090701103210449]",149
29,101.0,IVTDFSVIK,IVTDFSVIK,1.0,1.0,5,143,20230719_125628,CPUs,4,['beta'],"['length', 'clustcr', 'hamming', 'GIANA', 'gliph2', 'ismart', 'tcrdist3']",True,500,1,0,500,True,DBSCAN,50,0.5,True,,VDJdb,beta,2500,tcrdist3,"[6.658946990966797, 0.3090701103210449]",149
30,4.0,GILGFVFTL,GILGFVFTL,1.0,1.0,5,143,20230719_125628,CPUs,4,['beta'],"['length', 'clustcr', 'hamming', 'GIANA', 'gliph2', 'ismart', 'tcrdist3']",True,500,1,0,500,True,DBSCAN,50,0.5,True,,VDJdb,beta,2500,tcrdist3,"[6.658946990966797, 0.3090701103210449]",149
31,141.0,RAKFKQLL,RAKFKQLL,1.0,1.0,5,143,20230719_125628,CPUs,4,['beta'],"['length', 'clustcr', 'hamming', 'GIANA', 'gliph2', 'ismart', 'tcrdist3']",True,500,1,0,500,True,DBSCAN,50,0.5,True,,VDJdb,beta,2500,tcrdist3,"[6.658946990966797, 0.3090701103210449]",149
32,139.0,RAKFKQLL,RAKFKQLL,1.0,1.0,4,143,20230719_125628,CPUs,4,['beta'],"['length', 'clustcr', 'hamming', 'GIANA', 'gliph2', 'ismart', 'tcrdist3']",True,500,1,0,500,True,DBSCAN,50,0.5,True,,VDJdb,beta,2500,tcrdist3,"[6.658946990966797, 0.3090701103210449]",149
33,26.0,GILGFVFTL,KLGGALQAK,0.75,0.25,4,143,20230719_125628,CPUs,4,['beta'],"['length', 'clustcr', 'hamming', 'GIANA', 'gliph2', 'ismart', 'tcrdist3']",True,500,1,0,500,True,DBSCAN,50,0.5,True,,VDJdb,beta,2500,tcrdist3,"[6.658946990966797, 0.3090701103210449]",149
34,21.0,GILGFVFTL,GILGFVFTL,1.0,1.0,4,143,20230719_125628,CPUs,4,['beta'],"['length', 'clustcr', 'hamming', 'GIANA', 'gliph2', 'ismart', 'tcrdist3']",True,500,1,0,500,True,DBSCAN,50,0.5,True,,VDJdb,beta,2500,tcrdist3,"[6.658946990966797, 0.3090701103210449]",149
35,73.0,RAKFKQLL,AVFDRKSDAK,0.5,0.25,4,143,20230719_125628,CPUs,4,['beta'],"['length', 'clustcr', 'hamming', 'GIANA', 'gliph2', 'ismart', 'tcrdist3']",True,500,1,0,500,True,DBSCAN,50,0.5,True,,VDJdb,beta,2500,tcrdist3,"[6.658946990966797, 0.3090701103210449]",149
36,143.0,RAKFKQLL,RAKFKQLL,1.0,1.0,4,143,20230719_125628,CPUs,4,['beta'],"['length', 'clustcr', 'hamming', 'GIANA', 'gliph2', 'ismart', 'tcrdist3']",True,500,1,0,500,True,DBSCAN,50,0.5,True,,VDJdb,beta,2500,tcrdist3,"[6.658946990966797, 0.3090701103210449]",149
37,13.0,GILGFVFTL,GILGFVFTL,0.5,0.5,4,143,20230719_125628,CPUs,4,['beta'],"['length', 'clustcr', 'hamming', 'GIANA', 'gliph2', 'ismart', 'tcrdist3']",True,500,1,0,500,True,DBSCAN,50,0.5,True,,VDJdb,beta,2500,tcrdist3,"[6.658946990966797, 0.3090701103210449]",149
38,80.0,AVFDRKSDAK,AVFDRKSDAK,0.75,0.75,4,143,20230719_125628,CPUs,4,['beta'],"['length', 'clustcr', 'hamming', 'GIANA', 'gliph2', 'ismart', 'tcrdist3']",True,500,1,0,500,True,DBSCAN,50,0.5,True,,VDJdb,beta,2500,tcrdist3,"[6.658946990966797, 0.3090701103210449]",149
39,45.0,GILGFVFTL,GILGFVFTL,1.0,1.0,4,143,20230719_125628,CPUs,4,['beta'],"['length', 'clustcr', 'hamming', 'GIANA', 'gliph2', 'ismart', 'tcrdist3']",True,500,1,0,500,True,DBSCAN,50,0.5,True,,VDJdb,beta,2500,tcrdist3,"[6.658946990966797, 0.3090701103210449]",149
40,104.0,IVTDFSVIK,IVTDFSVIK,1.0,1.0,4,143,20230719_125628,CPUs,4,['beta'],"['length', 'clustcr', 'hamming', 'GIANA', 'gliph2', 'ismart', 'tcrdist3']",True,500,1,0,500,True,DBSCAN,50,0.5,True,,VDJdb,beta,2500,tcrdist3,"[6.658946990966797, 0.3090701103210449]",149
41,109.0,RAKFKQLL,RAKFKQLL,0.75,0.75,4,143,20230719_125628,CPUs,4,['beta'],"['length', 'clustcr', 'hamming', 'GIANA', 'gliph2', 'ismart', 'tcrdist3']",True,500,1,0,500,True,DBSCAN,50,0.5,True,,VDJdb,beta,2500,tcrdist3,"[6.658946990966797, 0.3090701103210449]",149
42,36.0,GILGFVFTL,AVFDRKSDAK,0.25,0.25,4,143,20230719_125628,CPUs,4,['beta'],"['length', 'clustcr', 'hamming', 'GIANA', 'gliph2', 'ismart', 'tcrdist3']",True,500,1,0,500,True,DBSCAN,50,0.5,True,,VDJdb,beta,2500,tcrdist3,"[6.658946990966797, 0.3090701103210449]",149
43,14.0,GILGFVFTL,GILGFVFTL,1.0,1.0,3,143,20230719_125628,CPUs,4,['beta'],"['length', 'clustcr', 'hamming', 'GIANA', 'gliph2', 'ismart', 'tcrdist3']",True,500,1,0,500,True,DBSCAN,50,0.5,True,,VDJdb,beta,2500,tcrdist3,"[6.658946990966797, 0.3090701103210449]",149
44,64.0,RAKFKQLL,RAKFKQLL,0.6666666666666666,0.6666666666666666,3,143,20230719_125628,CPUs,4,['beta'],"['length', 'clustcr', 'hamming', 'GIANA', 'gliph2', 'ismart', 'tcrdist3']",True,500,1,0,500,True,DBSCAN,50,0.5,True,,VDJdb,beta,2500,tcrdist3,"[6.658946990966797, 0.3090701103210449]",149
45,31.0,GILGFVFTL,GILGFVFTL,1.0,1.0,3,143,20230719_125628,CPUs,4,['beta'],"['length', 'clustcr', 'hamming', 'GIANA', 'gliph2', 'ismart', 'tcrdist3']",True,500,1,0,500,True,DBSCAN,50,0.5,True,,VDJdb,beta,2500,tcrdist3,"[6.658946990966797, 0.3090701103210449]",149
46,70.0,AVFDRKSDAK,AVFDRKSDAK,0.6666666666666666,0.6666666666666666,3,143,20230719_125628,CPUs,4,['beta'],"['length', 'clustcr', 'hamming', 'GIANA', 'gliph2', 'ismart', 'tcrdist3']",True,500,1,0,500,True,DBSCAN,50,0.5,True,,VDJdb,beta,2500,tcrdist3,"[6.658946990966797, 0.3090701103210449]",149
47,72.0,KLGGALQAK,KLGGALQAK,0.6666666666666666,0.6666666666666666,3,143,20230719_125628,CPUs,4,['beta'],"['length', 'clustcr', 'hamming', 'GIANA', 'gliph2', 'ismart', 'tcrdist3']",True,500,1,0,500,True,DBSCAN,50,0.5,True,,VDJdb,beta,2500,tcrdist3,"[6.658946990966797, 0.3090701103210449]",149
48,98.0,IVTDFSVIK,IVTDFSVIK,1.0,1.0,3,143,20230719_125628,CPUs,4,['beta'],"['length', 'clustcr', 'hamming', 'GIANA', 'gliph2', 'ismart', 'tcrdist3']",True,500,1,0,500,True,DBSCAN,50,0.5,True,,VDJdb,beta,2500,tcrdist3,"[6.658946990966797, 0.3090701103210449]",149
49,95.0,RAKFKQLL,RAKFKQLL,0.6666666666666666,0.6666666666666666,3,143,20230719_125628,CPUs,4,['beta'],"['length', 'clustcr', 'hamming', 'GIANA', 'gliph2', 'ismart', 'tcrdist3']",True,500,1,0,500,True,DBSCAN,50,0.5,True,,VDJdb,beta,2500,tcrdist3,"[6.658946990966797, 0.3090701103210449]",149
50,3.0,GILGFVFTL,GILGFVFTL,1.0,1.0,3,143,20230719_125628,CPUs,4,['beta'],"['length', 'clustcr', 'hamming', 'GIANA', 'gliph2', 'ismart', 'tcrdist3']",True,500,1,0,500,True,DBSCAN,50,0.5,True,,VDJdb,beta,2500,tcrdist3,"[6.658946990966797, 0.3090701103210449]",149
51,110.0,RAKFKQLL,RAKFKQLL,0.6666666666666666,0.6666666666666666,3,143,20230719_125628,CPUs,4,['beta'],"['length', 'clustcr', 'hamming', 'GIANA', 'gliph2', 'ismart', 'tcrdist3']",True,500,1,0,500,True,DBSCAN,50,0.5,True,,VDJdb,beta,2500,tcrdist3,"[6.658946990966797, 0.3090701103210449]",149
52,87.0,RAKFKQLL,AVFDRKSDAK,0.6666666666666666,0.3333333333333333,3,143,20230719_125628,CPUs,4,['beta'],"['length', 'clustcr', 'hamming', 'GIANA', 'gliph2', 'ismart', 'tcrdist3']",True,500,1,0,500,True,DBSCAN,50,0.5,True,,VDJdb,beta,2500,tcrdist3,"[6.658946990966797, 0.3090701103210449]",149
53,10.0,GILGFVFTL,GILGFVFTL,0.6666666666666666,0.6666666666666666,3,143,20230719_125628,CPUs,4,['beta'],"['length', 'clustcr', 'hamming', 'GIANA', 'gliph2', 'ismart', 'tcrdist3']",True,500,1,0,500,True,DBSCAN,50,0.5,True,,VDJdb,beta,2500,tcrdist3,"[6.658946990966797, 0.3090701103210449]",149
54,113.0,IVTDFSVIK,IVTDFSVIK,0.6666666666666666,0.6666666666666666,3,143,20230719_125628,CPUs,4,['beta'],"['length', 'clustcr', 'hamming', 'GIANA', 'gliph2', 'ismart', 'tcrdist3']",True,500,1,0,500,True,DBSCAN,50,0.5,True,,VDJdb,beta,2500,tcrdist3,"[6.658946990966797, 0.3090701103210449]",149
55,6.0,GILGFVFTL,GILGFVFTL,1.0,1.0,3,143,20230719_125628,CPUs,4,['beta'],"['length', 'clustcr', 'hamming', 'GIANA', 'gliph2', 'ismart', 'tcrdist3']",True,500,1,0,500,True,DBSCAN,50,0.5,True,,VDJdb,beta,2500,tcrdist3,"[6.658946990966797, 0.3090701103210449]",149
56,123.0,RAKFKQLL,RAKFKQLL,1.0,1.0,3,143,20230719_125628,CPUs,4,['beta'],"['length', 'clustcr', 'hamming', 'GIANA', 'gliph2', 'ismart', 'tcrdist3']",True,500,1,0,500,True,DBSCAN,50,0.5,True,,VDJdb,beta,2500,tcrdist3,"[6.658946990966797, 0.3090701103210449]",149
57,105.0,IVTDFSVIK,IVTDFSVIK,1.0,1.0,3,143,20230719_125628,CPUs,4,['beta'],"['length', 'clustcr', 'hamming', 'GIANA', 'gliph2', 'ismart', 'tcrdist3']",True,500,1,0,500,True,DBSCAN,50,0.5,True,,VDJdb,beta,2500,tcrdist3,"[6.658946990966797, 0.3090701103210449]",149
58,111.0,RAKFKQLL,RAKFKQLL,0.6666666666666666,0.6666666666666666,3,143,20230719_125628,CPUs,4,['beta'],"['length', 'clustcr', 'hamming', 'GIANA', 'gliph2', 'ismart', 'tcrdist3']",True,500,1,0,500,True,DBSCAN,50,0.5,True,,VDJdb,beta,2500,tcrdist3,"[6.658946990966797, 0.3090701103210449]",149
59,17.0,GILGFVFTL,GILGFVFTL,1.0,1.0,3,143,20230719_125628,CPUs,4,['beta'],"['length', 'clustcr', 'hamming', 'GIANA', 'gliph2', 'ismart', 'tcrdist3']",True,500,1,0,500,True,DBSCAN,50,0.5,True,,VDJdb,beta,2500,tcrdist3,"[6.658946990966797, 0.3090701103210449]",149
60,65.0,AVFDRKSDAK,AVFDRKSDAK,0.3333333333333333,0.3333333333333333,3,143,20230719_125628,CPUs,4,['beta'],"['length', 'clustcr', 'hamming', 'GIANA', 'gliph2', 'ismart', 'tcrdist3']",True,500,1,0,500,True,DBSCAN,50,0.5,True,,VDJdb,beta,2500,tcrdist3,"[6.658946990966797, 0.3090701103210449]",149
61,18.0,GILGFVFTL,GILGFVFTL,1.0,1.0,3,143,20230719_125628,CPUs,4,['beta'],"['length', 'clustcr', 'hamming', 'GIANA', 'gliph2', 'ismart', 'tcrdist3']",True,500,1,0,500,True,DBSCAN,50,0.5,True,,VDJdb,beta,2500,tcrdist3,"[6.658946990966797, 0.3090701103210449]",149
62,20.0,GILGFVFTL,GILGFVFTL,1.0,1.0,3,143,20230719_125628,CPUs,4,['beta'],"['length', 'clustcr', 'hamming', 'GIANA', 'gliph2', 'ismart', 'tcrdist3']",True,500,1,0,500,True,DBSCAN,50,0.5,True,,VDJdb,beta,2500,tcrdist3,"[6.658946990966797, 0.3090701103210449]",149
63,34.0,GILGFVFTL,AVFDRKSDAK,0.6666666666666666,0.3333333333333333,3,143,20230719_125628,CPUs,4,['beta'],"['length', 'clustcr', 'hamming', 'GIANA', 'gliph2', 'ismart', 'tcrdist3']",True,500,1,0,500,True,DBSCAN,50,0.5,True,,VDJdb,beta,2500,tcrdist3,"[6.658946990966797, 0.3090701103210449]",149
64,35.0,GILGFVFTL,GILGFVFTL,1.0,1.0,3,143,20230719_125628,CPUs,4,['beta'],"['length', 'clustcr', 'hamming', 'GIANA', 'gliph2', 'ismart', 'tcrdist3']",True,500,1,0,500,True,DBSCAN,50,0.5,True,,VDJdb,beta,2500,tcrdist3,"[6.658946990966797, 0.3090701103210449]",149
65,38.0,GILGFVFTL,GILGFVFTL,1.0,1.0,3,143,20230719_125628,CPUs,4,['beta'],"['length', 'clustcr', 'hamming', 'GIANA', 'gliph2', 'ismart', 'tcrdist3']",True,500,1,0,500,True,DBSCAN,50,0.5,True,,VDJdb,beta,2500,tcrdist3,"[6.658946990966797, 0.3090701103210449]",149
66,39.0,GILGFVFTL,GILGFVFTL,0.6666666666666666,0.6666666666666666,3,143,20230719_125628,CPUs,4,['beta'],"['length', 'clustcr', 'hamming', 'GIANA', 'gliph2', 'ismart', 'tcrdist3']",True,500,1,0,500,True,DBSCAN,50,0.5,True,,VDJdb,beta,2500,tcrdist3,"[6.658946990966797, 0.3090701103210449]",149
67,135.0,RAKFKQLL,RAKFKQLL,1.0,1.0,3,143,20230719_125628,CPUs,4,['beta'],"['length', 'clustcr', 'hamming', 'GIANA', 'gliph2', 'ismart', 'tcrdist3']",True,500,1,0,500,True,DBSCAN,50,0.5,True,,VDJdb,beta,2500,tcrdist3,"[6.658946990966797, 0.3090701103210449]",149
68,142.0,RAKFKQLL,RAKFKQLL,1.0,1.0,3,143,20230719_125628,CPUs,4,['beta'],"['length', 'clustcr', 'hamming', 'GIANA', 'gliph2', 'ismart', 'tcrdist3']",True,500,1,0,500,True,DBSCAN,50,0.5,True,,VDJdb,beta,2500,tcrdist3,"[6.658946990966797, 0.3090701103210449]",149
69,129.0,RAKFKQLL,RAKFKQLL,1.0,1.0,3,143,20230719_125628,CPUs,4,['beta'],"['length', 'clustcr', 'hamming', 'GIANA', 'gliph2', 'ismart', 'tcrdist3']",True,500,1,0,500,True,DBSCAN,50,0.5,True,,VDJdb,beta,2500,tcrdist3,"[6.658946990966797, 0.3090701103210449]",149
70,49.0,RAKFKQLL,RAKFKQLL,0.6666666666666666,0.6666666666666666,3,143,20230719_125628,CPUs,4,['beta'],"['length', 'clustcr', 'hamming', 'GIANA', 'gliph2', 'ismart', 'tcrdist3']",True,500,1,0,500,True,DBSCAN,50,0.5,True,,VDJdb,beta,2500,tcrdist3,"[6.658946990966797, 0.3090701103210449]",149
71,124.0,RAKFKQLL,RAKFKQLL,1.0,1.0,3,143,20230719_125628,CPUs,4,['beta'],"['length', 'clustcr', 'hamming', 'GIANA', 'gliph2', 'ismart', 'tcrdist3']",True,500,1,0,500,True,DBSCAN,50,0.5,True,,VDJdb,beta,2500,tcrdist3,"[6.658946990966797, 0.3090701103210449]",149
72,58.0,RAKFKQLL,RAKFKQLL,0.6666666666666666,0.6666666666666666,3,143,20230719_125628,CPUs,4,['beta'],"['length', 'clustcr', 'hamming', 'GIANA', 'gliph2', 'ismart', 'tcrdist3']",True,500,1,0,500,True,DBSCAN,50,0.5,True,,VDJdb,beta,2500,tcrdist3,"[6.658946990966797, 0.3090701103210449]",149
73,145.0,RAKFKQLL,RAKFKQLL,1.0,1.0,2,143,20230719_125628,CPUs,4,['beta'],"['length', 'clustcr', 'hamming', 'GIANA', 'gliph2', 'ismart', 'tcrdist3']",True,500,1,0,500,True,DBSCAN,50,0.5,True,,VDJdb,beta,2500,tcrdist3,"[6.658946990966797, 0.3090701103210449]",149
74,140.0,RAKFKQLL,RAKFKQLL,1.0,1.0,2,143,20230719_125628,CPUs,4,['beta'],"['length', 'clustcr', 'hamming', 'GIANA', 'gliph2', 'ismart', 'tcrdist3']",True,500,1,0,500,True,DBSCAN,50,0.5,True,,VDJdb,beta,2500,tcrdist3,"[6.658946990966797, 0.3090701103210449]",149
75,138.0,RAKFKQLL,RAKFKQLL,1.0,1.0,2,143,20230719_125628,CPUs,4,['beta'],"['length', 'clustcr', 'hamming', 'GIANA', 'gliph2', 'ismart', 'tcrdist3']",True,500,1,0,500,True,DBSCAN,50,0.5,True,,VDJdb,beta,2500,tcrdist3,"[6.658946990966797, 0.3090701103210449]",149
76,147.0,RAKFKQLL,RAKFKQLL,1.0,1.0,2,143,20230719_125628,CPUs,4,['beta'],"['length', 'clustcr', 'hamming', 'GIANA', 'gliph2', 'ismart', 'tcrdist3']",True,500,1,0,500,True,DBSCAN,50,0.5,True,,VDJdb,beta,2500,tcrdist3,"[6.658946990966797, 0.3090701103210449]",149
77,103.0,IVTDFSVIK,IVTDFSVIK,0.5,0.5,2,143,20230719_125628,CPUs,4,['beta'],"['length', 'clustcr', 'hamming', 'GIANA', 'gliph2', 'ismart', 'tcrdist3']",True,500,1,0,500,True,DBSCAN,50,0.5,True,,VDJdb,beta,2500,tcrdist3,"[6.658946990966797, 0.3090701103210449]",149
78,137.0,RAKFKQLL,RAKFKQLL,1.0,1.0,2,143,20230719_125628,CPUs,4,['beta'],"['length', 'clustcr', 'hamming', 'GIANA', 'gliph2', 'ismart', 'tcrdist3']",True,500,1,0,500,True,DBSCAN,50,0.5,True,,VDJdb,beta,2500,tcrdist3,"[6.658946990966797, 0.3090701103210449]",149
79,136.0,RAKFKQLL,RAKFKQLL,1.0,1.0,2,143,20230719_125628,CPUs,4,['beta'],"['length', 'clustcr', 'hamming', 'GIANA', 'gliph2', 'ismart', 'tcrdist3']",True,500,1,0,500,True,DBSCAN,50,0.5,True,,VDJdb,beta,2500,tcrdist3,"[6.658946990966797, 0.3090701103210449]",149
80,106.0,IVTDFSVIK,IVTDFSVIK,0.5,0.5,2,143,20230719_125628,CPUs,4,['beta'],"['length', 'clustcr', 'hamming', 'GIANA', 'gliph2', 'ismart', 'tcrdist3']",True,500,1,0,500,True,DBSCAN,50,0.5,True,,VDJdb,beta,2500,tcrdist3,"[6.658946990966797, 0.3090701103210449]",149
81,107.0,IVTDFSVIK,KLGGALQAK,0.5,0.5,2,143,20230719_125628,CPUs,4,['beta'],"['length', 'clustcr', 'hamming', 'GIANA', 'gliph2', 'ismart', 'tcrdist3']",True,500,1,0,500,True,DBSCAN,50,0.5,True,,VDJdb,beta,2500,tcrdist3,"[6.658946990966797, 0.3090701103210449]",149
82,108.0,IVTDFSVIK,KLGGALQAK,0.5,0.5,2,143,20230719_125628,CPUs,4,['beta'],"['length', 'clustcr', 'hamming', 'GIANA', 'gliph2', 'ismart', 'tcrdist3']",True,500,1,0,500,True,DBSCAN,50,0.5,True,,VDJdb,beta,2500,tcrdist3,"[6.658946990966797, 0.3090701103210449]",149
83,125.0,RAKFKQLL,RAKFKQLL,1.0,1.0,2,143,20230719_125628,CPUs,4,['beta'],"['length', 'clustcr', 'hamming', 'GIANA', 'gliph2', 'ismart', 'tcrdist3']",True,500,1,0,500,True,DBSCAN,50,0.5,True,,VDJdb,beta,2500,tcrdist3,"[6.658946990966797, 0.3090701103210449]",149
84,121.0,KLGGALQAK,KLGGALQAK,0.5,0.5,2,143,20230719_125628,CPUs,4,['beta'],"['length', 'clustcr', 'hamming', 'GIANA', 'gliph2', 'ismart', 'tcrdist3']",True,500,1,0,500,True,DBSCAN,50,0.5,True,,VDJdb,beta,2500,tcrdist3,"[6.658946990966797, 0.3090701103210449]",149
85,144.0,RAKFKQLL,RAKFKQLL,1.0,1.0,2,143,20230719_125628,CPUs,4,['beta'],"['length', 'clustcr', 'hamming', 'GIANA', 'gliph2', 'ismart', 'tcrdist3']",True,500,1,0,500,True,DBSCAN,50,0.5,True,,VDJdb,beta,2500,tcrdist3,"[6.658946990966797, 0.3090701103210449]",149
86,126.0,RAKFKQLL,RAKFKQLL,1.0,1.0,2,143,20230719_125628,CPUs,4,['beta'],"['length', 'clustcr', 'hamming', 'GIANA', 'gliph2', 'ismart', 'tcrdist3']",True,500,1,0,500,True,DBSCAN,50,0.5,True,,VDJdb,beta,2500,tcrdist3,"[6.658946990966797, 0.3090701103210449]",149
87,133.0,RAKFKQLL,RAKFKQLL,1.0,1.0,2,143,20230719_125628,CPUs,4,['beta'],"['length', 'clustcr', 'hamming', 'GIANA', 'gliph2', 'ismart', 'tcrdist3']",True,500,1,0,500,True,DBSCAN,50,0.5,True,,VDJdb,beta,2500,tcrdist3,"[6.658946990966797, 0.3090701103210449]",149
88,120.0,KLGGALQAK,KLGGALQAK,0.5,0.5,2,143,20230719_125628,CPUs,4,['beta'],"['length', 'clustcr', 'hamming', 'GIANA', 'gliph2', 'ismart', 'tcrdist3']",True,500,1,0,500,True,DBSCAN,50,0.5,True,,VDJdb,beta,2500,tcrdist3,"[6.658946990966797, 0.3090701103210449]",149
89,132.0,RAKFKQLL,RAKFKQLL,1.0,1.0,2,143,20230719_125628,CPUs,4,['beta'],"['length', 'clustcr', 'hamming', 'GIANA', 'gliph2', 'ismart', 'tcrdist3']",True,500,1,0,500,True,DBSCAN,50,0.5,True,,VDJdb,beta,2500,tcrdist3,"[6.658946990966797, 0.3090701103210449]",149
90,131.0,RAKFKQLL,RAKFKQLL,1.0,1.0,2,143,20230719_125628,CPUs,4,['beta'],"['length', 'clustcr', 'hamming', 'GIANA', 'gliph2', 'ismart', 'tcrdist3']",True,500,1,0,500,True,DBSCAN,50,0.5,True,,VDJdb,beta,2500,tcrdist3,"[6.658946990966797, 0.3090701103210449]",149
91,122.0,KLGGALQAK,KLGGALQAK,0.5,0.5,2,143,20230719_125628,CPUs,4,['beta'],"['length', 'clustcr', 'hamming', 'GIANA', 'gliph2', 'ismart', 'tcrdist3']",True,500,1,0,500,True,DBSCAN,50,0.5,True,,VDJdb,beta,2500,tcrdist3,"[6.658946990966797, 0.3090701103210449]",149
92,115.0,IVTDFSVIK,KLGGALQAK,0.5,0.5,2,143,20230719_125628,CPUs,4,['beta'],"['length', 'clustcr', 'hamming', 'GIANA', 'gliph2', 'ismart', 'tcrdist3']",True,500,1,0,500,True,DBSCAN,50,0.5,True,,VDJdb,beta,2500,tcrdist3,"[6.658946990966797, 0.3090701103210449]",149
93,116.0,IVTDFSVIK,IVTDFSVIK,0.5,0.5,2,143,20230719_125628,CPUs,4,['beta'],"['length', 'clustcr', 'hamming', 'GIANA', 'gliph2', 'ismart', 'tcrdist3']",True,500,1,0,500,True,DBSCAN,50,0.5,True,,VDJdb,beta,2500,tcrdist3,"[6.658946990966797, 0.3090701103210449]",149
94,146.0,RAKFKQLL,RAKFKQLL,1.0,1.0,2,143,20230719_125628,CPUs,4,['beta'],"['length', 'clustcr', 'hamming', 'GIANA', 'gliph2', 'ismart', 'tcrdist3']",True,500,1,0,500,True,DBSCAN,50,0.5,True,,VDJdb,beta,2500,tcrdist3,"[6.658946990966797, 0.3090701103210449]",149
95,118.0,KLGGALQAK,KLGGALQAK,0.5,0.5,2,143,20230719_125628,CPUs,4,['beta'],"['length', 'clustcr', 'hamming', 'GIANA', 'gliph2', 'ismart', 'tcrdist3']",True,500,1,0,500,True,DBSCAN,50,0.5,True,,VDJdb,beta,2500,tcrdist3,"[6.658946990966797, 0.3090701103210449]",149
96,100.0,IVTDFSVIK,IVTDFSVIK,1.0,1.0,2,143,20230719_125628,CPUs,4,['beta'],"['length', 'clustcr', 'hamming', 'GIANA', 'gliph2', 'ismart', 'tcrdist3']",True,500,1,0,500,True,DBSCAN,50,0.5,True,,VDJdb,beta,2500,tcrdist3,"[6.658946990966797, 0.3090701103210449]",149
97,119.0,KLGGALQAK,KLGGALQAK,1.0,1.0,2,143,20230719_125628,CPUs,4,['beta'],"['length', 'clustcr', 'hamming', 'GIANA', 'gliph2', 'ismart', 'tcrdist3']",True,500,1,0,500,True,DBSCAN,50,0.5,True,,VDJdb,beta,2500,tcrdist3,"[6.658946990966797, 0.3090701103210449]",149
98,128.0,RAKFKQLL,RAKFKQLL,1.0,1.0,2,143,20230719_125628,CPUs,4,['beta'],"['length', 'clustcr', 'hamming', 'GIANA', 'gliph2', 'ismart', 'tcrdist3']",True,500,1,0,500,True,DBSCAN,50,0.5,True,,VDJdb,beta,2500,tcrdist3,"[6.658946990966797, 0.3090701103210449]",149
99,130.0,RAKFKQLL,RAKFKQLL,1.0,1.0,2,143,20230719_125628,CPUs,4,['beta'],"['length', 'clustcr', 'hamming', 'GIANA', 'gliph2', 'ismart', 'tcrdist3']",True,500,1,0,500,True,DBSCAN,50,0.5,True,,VDJdb,beta,2500,tcrdist3,"[6.658946990966797, 0.3090701103210449]",149
100,74.0,AVFDRKSDAK,AVFDRKSDAK,1.0,1.0,2,143,20230719_125628,CPUs,4,['beta'],"['length', 'clustcr', 'hamming', 'GIANA', 'gliph2', 'ismart', 'tcrdist3']",True,500,1,0,500,True,DBSCAN,50,0.5,True,,VDJdb,beta,2500,tcrdist3,"[6.658946990966797, 0.3090701103210449]",149
101,99.0,IVTDFSVIK,IVTDFSVIK,0.5,0.5,2,143,20230719_125628,CPUs,4,['beta'],"['length', 'clustcr', 'hamming', 'GIANA', 'gliph2', 'ismart', 'tcrdist3']",True,500,1,0,500,True,DBSCAN,50,0.5,True,,VDJdb,beta,2500,tcrdist3,"[6.658946990966797, 0.3090701103210449]",149
102,97.0,IVTDFSVIK,IVTDFSVIK,0.5,0.5,2,143,20230719_125628,CPUs,4,['beta'],"['length', 'clustcr', 'hamming', 'GIANA', 'gliph2', 'ismart', 'tcrdist3']",True,500,1,0,500,True,DBSCAN,50,0.5,True,,VDJdb,beta,2500,tcrdist3,"[6.658946990966797, 0.3090701103210449]",149
103,54.0,GILGFVFTL,GILGFVFTL,0.5,0.5,2,143,20230719_125628,CPUs,4,['beta'],"['length', 'clustcr', 'hamming', 'GIANA', 'gliph2', 'ismart', 'tcrdist3']",True,500,1,0,500,True,DBSCAN,50,0.5,True,,VDJdb,beta,2500,tcrdist3,"[6.658946990966797, 0.3090701103210449]",149
104,53.0,GILGFVFTL,GILGFVFTL,1.0,1.0,2,143,20230719_125628,CPUs,4,['beta'],"['length', 'clustcr', 'hamming', 'GIANA', 'gliph2', 'ismart', 'tcrdist3']",True,500,1,0,500,True,DBSCAN,50,0.5,True,,VDJdb,beta,2500,tcrdist3,"[6.658946990966797, 0.3090701103210449]",149
105,51.0,GILGFVFTL,IVTDFSVIK,0.5,0.5,2,143,20230719_125628,CPUs,4,['beta'],"['length', 'clustcr', 'hamming', 'GIANA', 'gliph2', 'ismart', 'tcrdist3']",True,500,1,0,500,True,DBSCAN,50,0.5,True,,VDJdb,beta,2500,tcrdist3,"[6.658946990966797, 0.3090701103210449]",149
106,50.0,GILGFVFTL,GILGFVFTL,1.0,1.0,2,143,20230719_125628,CPUs,4,['beta'],"['length', 'clustcr', 'hamming', 'GIANA', 'gliph2', 'ismart', 'tcrdist3']",True,500,1,0,500,True,DBSCAN,50,0.5,True,,VDJdb,beta,2500,tcrdist3,"[6.658946990966797, 0.3090701103210449]",149
107,48.0,GILGFVFTL,GILGFVFTL,1.0,1.0,2,143,20230719_125628,CPUs,4,['beta'],"['length', 'clustcr', 'hamming', 'GIANA', 'gliph2', 'ismart', 'tcrdist3']",True,500,1,0,500,True,DBSCAN,50,0.5,True,,VDJdb,beta,2500,tcrdist3,"[6.658946990966797, 0.3090701103210449]",149
108,47.0,GILGFVFTL,GILGFVFTL,1.0,1.0,2,143,20230719_125628,CPUs,4,['beta'],"['length', 'clustcr', 'hamming', 'GIANA', 'gliph2', 'ismart', 'tcrdist3']",True,500,1,0,500,True,DBSCAN,50,0.5,True,,VDJdb,beta,2500,tcrdist3,"[6.658946990966797, 0.3090701103210449]",149
109,44.0,GILGFVFTL,GILGFVFTL,1.0,1.0,2,143,20230719_125628,CPUs,4,['beta'],"['length', 'clustcr', 'hamming', 'GIANA', 'gliph2', 'ismart', 'tcrdist3']",True,500,1,0,500,True,DBSCAN,50,0.5,True,,VDJdb,beta,2500,tcrdist3,"[6.658946990966797, 0.3090701103210449]",149
110,43.0,GILGFVFTL,GILGFVFTL,1.0,1.0,2,143,20230719_125628,CPUs,4,['beta'],"['length', 'clustcr', 'hamming', 'GIANA', 'gliph2', 'ismart', 'tcrdist3']",True,500,1,0,500,True,DBSCAN,50,0.5,True,,VDJdb,beta,2500,tcrdist3,"[6.658946990966797, 0.3090701103210449]",149
111,42.0,GILGFVFTL,GILGFVFTL,1.0,1.0,2,143,20230719_125628,CPUs,4,['beta'],"['length', 'clustcr', 'hamming', 'GIANA', 'gliph2', 'ismart', 'tcrdist3']",True,500,1,0,500,True,DBSCAN,50,0.5,True,,VDJdb,beta,2500,tcrdist3,"[6.658946990966797, 0.3090701103210449]",149
112,37.0,GILGFVFTL,GILGFVFTL,1.0,1.0,2,143,20230719_125628,CPUs,4,['beta'],"['length', 'clustcr', 'hamming', 'GIANA', 'gliph2', 'ismart', 'tcrdist3']",True,500,1,0,500,True,DBSCAN,50,0.5,True,,VDJdb,beta,2500,tcrdist3,"[6.658946990966797, 0.3090701103210449]",149
113,33.0,GILGFVFTL,GILGFVFTL,1.0,1.0,2,143,20230719_125628,CPUs,4,['beta'],"['length', 'clustcr', 'hamming', 'GIANA', 'gliph2', 'ismart', 'tcrdist3']",True,500,1,0,500,True,DBSCAN,50,0.5,True,,VDJdb,beta,2500,tcrdist3,"[6.658946990966797, 0.3090701103210449]",149
114,32.0,GILGFVFTL,GILGFVFTL,1.0,1.0,2,143,20230719_125628,CPUs,4,['beta'],"['length', 'clustcr', 'hamming', 'GIANA', 'gliph2', 'ismart', 'tcrdist3']",True,500,1,0,500,True,DBSCAN,50,0.5,True,,VDJdb,beta,2500,tcrdist3,"[6.658946990966797, 0.3090701103210449]",149
115,29.0,GILGFVFTL,GILGFVFTL,1.0,1.0,2,143,20230719_125628,CPUs,4,['beta'],"['length', 'clustcr', 'hamming', 'GIANA', 'gliph2', 'ismart', 'tcrdist3']",True,500,1,0,500,True,DBSCAN,50,0.5,True,,VDJdb,beta,2500,tcrdist3,"[6.658946990966797, 0.3090701103210449]",149
116,27.0,GILGFVFTL,GILGFVFTL,1.0,1.0,2,143,20230719_125628,CPUs,4,['beta'],"['length', 'clustcr', 'hamming', 'GIANA', 'gliph2', 'ismart', 'tcrdist3']",True,500,1,0,500,True,DBSCAN,50,0.5,True,,VDJdb,beta,2500,tcrdist3,"[6.658946990966797, 0.3090701103210449]",149
117,25.0,GILGFVFTL,GILGFVFTL,1.0,1.0,2,143,20230719_125628,CPUs,4,['beta'],"['length', 'clustcr', 'hamming', 'GIANA', 'gliph2', 'ismart', 'tcrdist3']",True,500,1,0,500,True,DBSCAN,50,0.5,True,,VDJdb,beta,2500,tcrdist3,"[6.658946990966797, 0.3090701103210449]",149
118,24.0,GILGFVFTL,IVTDFSVIK,0.5,0.5,2,143,20230719_125628,CPUs,4,['beta'],"['length', 'clustcr', 'hamming', 'GIANA', 'gliph2', 'ismart', 'tcrdist3']",True,500,1,0,500,True,DBSCAN,50,0.5,True,,VDJdb,beta,2500,tcrdist3,"[6.658946990966797, 0.3090701103210449]",149
119,22.0,GILGFVFTL,GILGFVFTL,1.0,1.0,2,143,20230719_125628,CPUs,4,['beta'],"['length', 'clustcr', 'hamming', 'GIANA', 'gliph2', 'ismart', 'tcrdist3']",True,500,1,0,500,True,DBSCAN,50,0.5,True,,VDJdb,beta,2500,tcrdist3,"[6.658946990966797, 0.3090701103210449]",149
120,16.0,GILGFVFTL,GILGFVFTL,1.0,1.0,2,143,20230719_125628,CPUs,4,['beta'],"['length', 'clustcr', 'hamming', 'GIANA', 'gliph2', 'ismart', 'tcrdist3']",True,500,1,0,500,True,DBSCAN,50,0.5,True,,VDJdb,beta,2500,tcrdist3,"[6.658946990966797, 0.3090701103210449]",149
121,15.0,GILGFVFTL,GILGFVFTL,1.0,1.0,2,143,20230719_125628,CPUs,4,['beta'],"['length', 'clustcr', 'hamming', 'GIANA', 'gliph2', 'ismart', 'tcrdist3']",True,500,1,0,500,True,DBSCAN,50,0.5,True,,VDJdb,beta,2500,tcrdist3,"[6.658946990966797, 0.3090701103210449]",149
122,11.0,GILGFVFTL,GILGFVFTL,1.0,1.0,2,143,20230719_125628,CPUs,4,['beta'],"['length', 'clustcr', 'hamming', 'GIANA', 'gliph2', 'ismart', 'tcrdist3']",True,500,1,0,500,True,DBSCAN,50,0.5,True,,VDJdb,beta,2500,tcrdist3,"[6.658946990966797, 0.3090701103210449]",149
123,2.0,GILGFVFTL,GILGFVFTL,1.0,1.0,2,143,20230719_125628,CPUs,4,['beta'],"['length', 'clustcr', 'hamming', 'GIANA', 'gliph2', 'ismart', 'tcrdist3']",True,500,1,0,500,True,DBSCAN,50,0.5,True,,VDJdb,beta,2500,tcrdist3,"[6.658946990966797, 0.3090701103210449]",149
124,56.0,GILGFVFTL,GILGFVFTL,1.0,1.0,2,143,20230719_125628,CPUs,4,['beta'],"['length', 'clustcr', 'hamming', 'GIANA', 'gliph2', 'ismart', 'tcrdist3']",True,500,1,0,500,True,DBSCAN,50,0.5,True,,VDJdb,beta,2500,tcrdist3,"[6.658946990966797, 0.3090701103210449]",149
125,57.0,GILGFVFTL,GILGFVFTL,0.5,0.5,2,143,20230719_125628,CPUs,4,['beta'],"['length', 'clustcr', 'hamming', 'GIANA', 'gliph2', 'ismart', 'tcrdist3']",True,500,1,0,500,True,DBSCAN,50,0.5,True,,VDJdb,beta,2500,tcrdist3,"[6.658946990966797, 0.3090701103210449]",149
126,59.0,GILGFVFTL,GILGFVFTL,1.0,1.0,2,143,20230719_125628,CPUs,4,['beta'],"['length', 'clustcr', 'hamming', 'GIANA', 'gliph2', 'ismart', 'tcrdist3']",True,500,1,0,500,True,DBSCAN,50,0.5,True,,VDJdb,beta,2500,tcrdist3,"[6.658946990966797, 0.3090701103210449]",149
127,84.0,AVFDRKSDAK,AVFDRKSDAK,0.5,0.5,2,143,20230719_125628,CPUs,4,['beta'],"['length', 'clustcr', 'hamming', 'GIANA', 'gliph2', 'ismart', 'tcrdist3']",True,500,1,0,500,True,DBSCAN,50,0.5,True,,VDJdb,beta,2500,tcrdist3,"[6.658946990966797, 0.3090701103210449]",149
128,96.0,IVTDFSVIK,IVTDFSVIK,1.0,1.0,2,143,20230719_125628,CPUs,4,['beta'],"['length', 'clustcr', 'hamming', 'GIANA', 'gliph2', 'ismart', 'tcrdist3']",True,500,1,0,500,True,DBSCAN,50,0.5,True,,VDJdb,beta,2500,tcrdist3,"[6.658946990966797, 0.3090701103210449]",149
129,93.0,AVFDRKSDAK,AVFDRKSDAK,0.5,0.5,2,143,20230719_125628,CPUs,4,['beta'],"['length', 'clustcr', 'hamming', 'GIANA', 'gliph2', 'ismart', 'tcrdist3']",True,500,1,0,500,True,DBSCAN,50,0.5,True,,VDJdb,beta,2500,tcrdist3,"[6.658946990966797, 0.3090701103210449]",149
130,92.0,AVFDRKSDAK,AVFDRKSDAK,0.5,0.5,2,143,20230719_125628,CPUs,4,['beta'],"['length', 'clustcr', 'hamming', 'GIANA', 'gliph2', 'ismart', 'tcrdist3']",True,500,1,0,500,True,DBSCAN,50,0.5,True,,VDJdb,beta,2500,tcrdist3,"[6.658946990966797, 0.3090701103210449]",149
131,91.0,AVFDRKSDAK,KLGGALQAK,0.5,0.5,2,143,20230719_125628,CPUs,4,['beta'],"['length', 'clustcr', 'hamming', 'GIANA', 'gliph2', 'ismart', 'tcrdist3']",True,500,1,0,500,True,DBSCAN,50,0.5,True,,VDJdb,beta,2500,tcrdist3,"[6.658946990966797, 0.3090701103210449]",149
132,90.0,AVFDRKSDAK,AVFDRKSDAK,0.5,0.5,2,143,20230719_125628,CPUs,4,['beta'],"['length', 'clustcr', 'hamming', 'GIANA', 'gliph2', 'ismart', 'tcrdist3']",True,500,1,0,500,True,DBSCAN,50,0.5,True,,VDJdb,beta,2500,tcrdist3,"[6.658946990966797, 0.3090701103210449]",149
133,89.0,AVFDRKSDAK,AVFDRKSDAK,1.0,1.0,2,143,20230719_125628,CPUs,4,['beta'],"['length', 'clustcr', 'hamming', 'GIANA', 'gliph2', 'ismart', 'tcrdist3']",True,500,1,0,500,True,DBSCAN,50,0.5,True,,VDJdb,beta,2500,tcrdist3,"[6.658946990966797, 0.3090701103210449]",149
134,88.0,AVFDRKSDAK,AVFDRKSDAK,1.0,1.0,2,143,20230719_125628,CPUs,4,['beta'],"['length', 'clustcr', 'hamming', 'GIANA', 'gliph2', 'ismart', 'tcrdist3']",True,500,1,0,500,True,DBSCAN,50,0.5,True,,VDJdb,beta,2500,tcrdist3,"[6.658946990966797, 0.3090701103210449]",149
135,86.0,AVFDRKSDAK,KLGGALQAK,0.5,0.5,2,143,20230719_125628,CPUs,4,['beta'],"['length', 'clustcr', 'hamming', 'GIANA', 'gliph2', 'ismart', 'tcrdist3']",True,500,1,0,500,True,DBSCAN,50,0.5,True,,VDJdb,beta,2500,tcrdist3,"[6.658946990966797, 0.3090701103210449]",149
136,85.0,AVFDRKSDAK,AVFDRKSDAK,0.5,0.5,2,143,20230719_125628,CPUs,4,['beta'],"['length', 'clustcr', 'hamming', 'GIANA', 'gliph2', 'ismart', 'tcrdist3']",True,500,1,0,500,True,DBSCAN,50,0.5,True,,VDJdb,beta,2500,tcrdist3,"[6.658946990966797, 0.3090701103210449]",149
137,82.0,AVFDRKSDAK,AVFDRKSDAK,0.5,0.5,2,143,20230719_125628,CPUs,4,['beta'],"['length', 'clustcr', 'hamming', 'GIANA', 'gliph2', 'ismart', 'tcrdist3']",True,500,1,0,500,True,DBSCAN,50,0.5,True,,VDJdb,beta,2500,tcrdist3,"[6.658946990966797, 0.3090701103210449]",149
138,61.0,GILGFVFTL,IVTDFSVIK,0.5,0.5,2,143,20230719_125628,CPUs,4,['beta'],"['length', 'clustcr', 'hamming', 'GIANA', 'gliph2', 'ismart', 'tcrdist3']",True,500,1,0,500,True,DBSCAN,50,0.5,True,,VDJdb,beta,2500,tcrdist3,"[6.658946990966797, 0.3090701103210449]",149
139,81.0,AVFDRKSDAK,AVFDRKSDAK,0.5,0.5,2,143,20230719_125628,CPUs,4,['beta'],"['length', 'clustcr', 'hamming', 'GIANA', 'gliph2', 'ismart', 'tcrdist3']",True,500,1,0,500,True,DBSCAN,50,0.5,True,,VDJdb,beta,2500,tcrdist3,"[6.658946990966797, 0.3090701103210449]",149
140,79.0,AVFDRKSDAK,KLGGALQAK,0.5,0.5,2,143,20230719_125628,CPUs,4,['beta'],"['length', 'clustcr', 'hamming', 'GIANA', 'gliph2', 'ismart', 'tcrdist3']",True,500,1,0,500,True,DBSCAN,50,0.5,True,,VDJdb,beta,2500,tcrdist3,"[6.658946990966797, 0.3090701103210449]",149
141,78.0,AVFDRKSDAK,KLGGALQAK,0.5,0.5,2,143,20230719_125628,CPUs,4,['beta'],"['length', 'clustcr', 'hamming', 'GIANA', 'gliph2', 'ismart', 'tcrdist3']",True,500,1,0,500,True,DBSCAN,50,0.5,True,,VDJdb,beta,2500,tcrdist3,"[6.658946990966797, 0.3090701103210449]",149
142,77.0,AVFDRKSDAK,AVFDRKSDAK,0.5,0.5,2,143,20230719_125628,CPUs,4,['beta'],"['length', 'clustcr', 'hamming', 'GIANA', 'gliph2', 'ismart', 'tcrdist3']",True,500,1,0,500,True,DBSCAN,50,0.5,True,,VDJdb,beta,2500,tcrdist3,"[6.658946990966797, 0.3090701103210449]",149
143,76.0,AVFDRKSDAK,KLGGALQAK,0.5,0.5,2,143,20230719_125628,CPUs,4,['beta'],"['length', 'clustcr', 'hamming', 'GIANA', 'gliph2', 'ismart', 'tcrdist3']",True,500,1,0,500,True,DBSCAN,50,0.5,True,,VDJdb,beta,2500,tcrdist3,"[6.658946990966797, 0.3090701103210449]",149
144,69.0,AVFDRKSDAK,AVFDRKSDAK,1.0,1.0,2,143,20230719_125628,CPUs,4,['beta'],"['length', 'clustcr', 'hamming', 'GIANA', 'gliph2', 'ismart', 'tcrdist3']",True,500,1,0,500,True,DBSCAN,50,0.5,True,,VDJdb,beta,2500,tcrdist3,"[6.658946990966797, 0.3090701103210449]",149
145,68.0,AVFDRKSDAK,AVFDRKSDAK,0.5,0.5,2,143,20230719_125628,CPUs,4,['beta'],"['length', 'clustcr', 'hamming', 'GIANA', 'gliph2', 'ismart', 'tcrdist3']",True,500,1,0,500,True,DBSCAN,50,0.5,True,,VDJdb,beta,2500,tcrdist3,"[6.658946990966797, 0.3090701103210449]",149
146,66.0,AVFDRKSDAK,AVFDRKSDAK,1.0,1.0,2,143,20230719_125628,CPUs,4,['beta'],"['length', 'clustcr', 'hamming', 'GIANA', 'gliph2', 'ismart', 'tcrdist3']",True,500,1,0,500,True,DBSCAN,50,0.5,True,,VDJdb,beta,2500,tcrdist3,"[6.658946990966797, 0.3090701103210449]",149
147,62.0,GILGFVFTL,GILGFVFTL,0.5,0.5,2,143,20230719_125628,CPUs,4,['beta'],"['length', 'clustcr', 'hamming', 'GIANA', 'gliph2', 'ismart', 'tcrdist3']",True,500,1,0,500,True,DBSCAN,50,0.5,True,,VDJdb,beta,2500,tcrdist3,"[6.658946990966797, 0.3090701103210449]",149
148,148.0,RAKFKQLL,RAKFKQLL,1.0,1.0,2,143,20230719_125628,CPUs,4,['beta'],"['length', 'clustcr', 'hamming', 'GIANA', 'gliph2', 'ismart', 'tcrdist3']",True,500,1,0,500,True,DBSCAN,50,0.5,True,,VDJdb,beta,2500,tcrdist3,"[6.658946990966797, 0.3090701103210449]",149
0,4,RAKFKQLL,RAKFKQLL,0.23,0.23,500,0,20230719_125628,CPUs,4,['beta'],"['length', 'clustcr', 'hamming', 'GIANA', 'gliph2', 'ismart', 'tcrdist3']",True,500,1,0,500,True,DBSCAN,50,0.5,True,,VDJdb,beta,2500,random,0.0013625621795654297,5
1,2,KLGGALQAK,KLGGALQAK,0.222,0.222,500,0,20230719_125628,CPUs,4,['beta'],"['length', 'clustcr', 'hamming', 'GIANA', 'gliph2', 'ismart', 'tcrdist3']",True,500,1,0,500,True,DBSCAN,50,0.5,True,,VDJdb,beta,2500,random,0.0013625621795654297,5
2,1,AVFDRKSDAK,AVFDRKSDAK,0.216,0.216,500,0,20230719_125628,CPUs,4,['beta'],"['length', 'clustcr', 'hamming', 'GIANA', 'gliph2', 'ismart', 'tcrdist3']",True,500,1,0,500,True,DBSCAN,50,0.5,True,,VDJdb,beta,2500,random,0.0013625621795654297,5
3,0,RAKFKQLL,RAKFKQLL,0.224,0.224,500,0,20230719_125628,CPUs,4,['beta'],"['length', 'clustcr', 'hamming', 'GIANA', 'gliph2', 'ismart', 'tcrdist3']",True,500,1,0,500,True,DBSCAN,50,0.5,True,,VDJdb,beta,2500,random,0.0013625621795654297,5
4,3,KLGGALQAK,KLGGALQAK,0.218,0.218,500,0,20230719_125628,CPUs,4,['beta'],"['length', 'clustcr', 'hamming', 'GIANA', 'gliph2', 'ismart', 'tcrdist3']",True,500,1,0,500,True,DBSCAN,50,0.5,True,,VDJdb,beta,2500,random,0.0013625621795654297,5
